0 0.244048 0.107019 0.221561 0.137153
0 0.447586 0.105655 0.148479 0.143849
0 0.603009 0.102803 0.127315 0.127728
0 0.743717 0.104167 0.128968 0.130456
0 0.364583 0.251488 0.464616 0.103175
0 0.728505 0.240699 0.162698 0.082093
0 0.250165 0.371156 0.217923 0.101935
0 0.446263 0.373016 0.122685 0.112599
0 0.597388 0.362227 0.140542 0.099950
0 0.737765 0.379712 0.103175 0.132440
0 0.195437 0.502232 0.112434 0.125992
0 0.366237 0.481151 0.169643 0.080853
0 0.523975 0.494048 0.108796 0.108135
0 0.672454 0.491691 0.166997 0.076637
0 0.364583 0.578125 0.178241 0.078869
0 0.198082 0.679688 0.119048 0.202629
0 0.542989 0.598338 0.150132 0.082093
0 0.703042 0.594370 0.128968 0.072669
0 0.347388 0.702629 0.149140 0.142361
0 0.499835 0.689112 0.127315 0.078125
0 0.625165 0.697917 0.104167 0.094742
0 0.746197 0.712302 0.104167 0.124504
0 0.591601 0.821181 0.141534 0.134425
0 0.230324 0.829861 0.180225 0.083333
0 0.420635 0.835938 0.170635 0.090030
0 0.740906 0.860367 0.100860 0.124504
0 0.222884 0.926711 0.165344 0.078125
0 0.418981 0.929315 0.168651 0.072917
0 0.589451 0.933284 0.112103 0.064980
