0 0.680886 0.929563 0.178571 0.086310
0 0.492890 0.934772 0.178241 0.087302
0 0.287202 0.940104 0.228505 0.108879
0 0.668320 0.828497 0.176587 0.081597
0 0.455192 0.828249 0.181548 0.086062
0 0.264881 0.826761 0.181217 0.089038
0 0.669808 0.728175 0.180225 0.089286
0 0.456680 0.733011 0.185185 0.094990
0 0.267857 0.730407 0.177249 0.088790
0 0.745370 0.600942 0.123677 0.133433
0 0.618882 0.606647 0.122685 0.134425
0 0.493717 0.607019 0.119048 0.135665
0 0.364914 0.607763 0.121362 0.135169
0 0.235450 0.607267 0.120370 0.133681
0 0.648975 0.484499 0.180225 0.087550
0 0.452216 0.486855 0.180225 0.088790
0 0.267361 0.488715 0.180225 0.088046
0 0.758929 0.363591 0.120370 0.134921
0 0.635913 0.365203 0.121032 0.136161
0 0.500496 0.367312 0.112103 0.135417
0 0.376323 0.368428 0.111772 0.134177
0 0.235119 0.367188 0.117725 0.133185
0 0.649636 0.242808 0.181548 0.089286
0 0.448413 0.244668 0.179233 0.087054
0 0.262897 0.246404 0.177910 0.087054
0 0.749173 0.106523 0.120040 0.134177
0 0.610119 0.106151 0.122354 0.132937
0 0.482804 0.110243 0.119709 0.136161
0 0.358631 0.112723 0.120701 0.138145
0 0.233631 0.114335 0.118717 0.139385
