0 0.723049 0.867188 0.170966 0.095486
0 0.572751 0.852927 0.122354 0.127976
0 0.721396 0.768229 0.169643 0.095486
0 0.741898 0.672495 0.206019 0.093006
0 0.569610 0.709201 0.125331 0.171379
0 0.183036 0.906002 0.090278 0.077381
0 0.340608 0.800471 0.123677 0.127728
0 0.203373 0.801835 0.125661 0.129464
0 0.370536 0.681052 0.087632 0.094742
0 0.227513 0.661210 0.168651 0.140873
0 0.695767 0.553323 0.128307 0.125992
0 0.559689 0.555928 0.122024 0.123264
0 0.410053 0.564236 0.171958 0.146329
0 0.749008 0.423735 0.126984 0.123264
0 0.625827 0.424107 0.112103 0.123016
0 0.504960 0.423983 0.112434 0.122768
0 0.384590 0.424727 0.112434 0.125248
0 0.229828 0.474330 0.170635 0.223462
0 0.657738 0.313244 0.324735 0.091766
0 0.230985 0.311880 0.167659 0.092014
0 0.743552 0.210813 0.167659 0.078373
0 0.574074 0.210938 0.166005 0.090526
0 0.408069 0.209945 0.164683 0.090030
0 0.234788 0.208581 0.165344 0.089782
0 0.739914 0.114955 0.166997 0.087550
0 0.424438 0.114583 0.202712 0.089286
0 0.235450 0.110243 0.165344 0.095486
