0 0.671296 0.899678 0.120370 0.135169
0 0.552083 0.892857 0.120701 0.133929
0 0.370370 0.891493 0.230159 0.146081
0 0.194279 0.895213 0.116071 0.145089
0 0.639716 0.771577 0.100860 0.099702
0 0.530589 0.769965 0.100860 0.100446
0 0.420635 0.769221 0.102513 0.098462
0 0.304729 0.769717 0.103505 0.095982
0 0.193122 0.770089 0.103175 0.097718
0 0.749835 0.669767 0.131944 0.078125
0 0.613757 0.670883 0.129630 0.078373
0 0.480655 0.669519 0.126653 0.083085
0 0.344742 0.672619 0.125992 0.079365
0 0.712302 0.559400 0.089947 0.075645
0 0.613426 0.564236 0.097884 0.085813
0 0.504630 0.552703 0.108466 0.093502
0 0.353340 0.559028 0.124669 0.130952
0 0.206019 0.559896 0.125661 0.132688
0 0.733796 0.458581 0.128307 0.118552
0 0.605985 0.466022 0.092262 0.077381
0 0.502646 0.468130 0.092593 0.075645
0 0.369048 0.432168 0.103175 0.071677
0 0.208664 0.435516 0.151455 0.082341
0 0.742394 0.351811 0.152116 0.081101
0 0.561343 0.367063 0.208664 0.114087
0 0.400463 0.352927 0.085317 0.081845
0 0.283896 0.350322 0.103505 0.084573
0 0.759755 0.271949 0.085648 0.072669
0 0.624173 0.268477 0.191468 0.069196
0 0.433697 0.261037 0.190807 0.066716
0 0.285880 0.265005 0.100860 0.082589
0 0.183697 0.287450 0.097553 0.126984
0 0.787037 0.196057 0.150132 0.073165
0 0.664683 0.195188 0.084656 0.071925
0 0.569114 0.197421 0.101852 0.086310
0 0.450397 0.191096 0.105820 0.065724
0 0.332341 0.190352 0.104497 0.064732
0 0.759259 0.114087 0.086640 0.078373
0 0.667328 0.114087 0.082672 0.078373
0 0.580688 0.112475 0.086640 0.076141
0 0.493386 0.111111 0.082672 0.079365
0 0.410218 0.110987 0.081019 0.078125
0 0.324405 0.111235 0.083333 0.080109
0 0.210483 0.142981 0.126653 0.155506
