0 0.622851 0.816964 0.169643 0.096726
0 0.408234 0.823289 0.216601 0.120288
0 0.210152 0.846230 0.157077 0.164683
0 0.582176 0.675099 0.153770 0.161210
0 0.392196 0.650050 0.215608 0.118552
0 0.202877 0.675719 0.141204 0.168899
0 0.750331 0.545263 0.088624 0.076141
0 0.751488 0.465030 0.089616 0.075893
0 0.634094 0.509053 0.135913 0.166419
0 0.490741 0.507688 0.136243 0.166171
0 0.350198 0.504092 0.139550 0.166419
0 0.198743 0.503100 0.149471 0.172867
0 0.732639 0.292659 0.087632 0.074405
0 0.489749 0.323537 0.376323 0.159970
0 0.214120 0.324529 0.159061 0.184276
0 0.693287 0.153150 0.143188 0.176339
0 0.542824 0.150670 0.144511 0.177331
0 0.386905 0.148189 0.145503 0.177331
0 0.230159 0.143477 0.149471 0.182788
