0 0.607143 0.864211 0.164683 0.102927
0 0.403439 0.865823 0.216270 0.098710
0 0.209160 0.844122 0.140542 0.140625
0 0.736607 0.709573 0.165675 0.159226
0 0.582011 0.726562 0.135582 0.138641
0 0.416171 0.729663 0.172950 0.157242
0 0.233466 0.707837 0.187831 0.106647
0 0.651290 0.566344 0.180225 0.102431
0 0.486111 0.583705 0.127646 0.139633
0 0.348380 0.579241 0.137897 0.137649
0 0.208995 0.580109 0.135582 0.141865
0 0.709821 0.446181 0.213955 0.099702
0 0.483962 0.442956 0.217262 0.129464
0 0.257110 0.438740 0.223214 0.130952
0 0.709160 0.311508 0.216601 0.129464
0 0.488261 0.306920 0.219246 0.127728
0 0.260747 0.303571 0.222553 0.130952
0 0.652612 0.133929 0.237103 0.135417
0 0.439319 0.149678 0.182870 0.181796
0 0.246528 0.142361 0.180225 0.180556
