0 0.636078 0.892113 0.121362 0.078373
0 0.517361 0.900050 0.104167 0.094246
0 0.396825 0.908854 0.100529 0.064236
0 0.262897 0.895461 0.155423 0.082589
0 0.691468 0.811508 0.129630 0.077877
0 0.544478 0.809276 0.163029 0.077381
0 0.404762 0.817832 0.111772 0.117808
0 0.263889 0.804688 0.155423 0.086558
0 0.698247 0.709945 0.315146 0.116319
0 0.416667 0.695685 0.209656 0.117560
0 0.246858 0.694692 0.113426 0.116071
0 0.735615 0.612971 0.160384 0.081101
0 0.523313 0.576265 0.208003 0.114831
0 0.297619 0.584449 0.201720 0.093502
0 0.762070 0.494792 0.124008 0.150298
0 0.560516 0.465650 0.279762 0.093998
0 0.361607 0.473958 0.098214 0.111111
0 0.256283 0.470982 0.101190 0.112103
0 0.600364 0.370040 0.431548 0.079365
0 0.274140 0.360863 0.149471 0.080853
0 0.627646 0.266865 0.195106 0.093750
0 0.416005 0.262897 0.198413 0.091766
0 0.722553 0.149678 0.115741 0.145585
0 0.606812 0.132192 0.097884 0.111607
0 0.501819 0.129712 0.099537 0.114087
0 0.381448 0.138021 0.126653 0.142113
0 0.262401 0.105283 0.083664 0.075645
