0 0.372851 0.864583 0.115410 0.101190
0 0.432044 0.768229 0.262235 0.088046
0 0.593585 0.855531 0.302910 0.086558
0 0.637897 0.765129 0.126323 0.081845
0 0.638228 0.679812 0.125661 0.083829
0 0.431217 0.681796 0.255291 0.082341
0 0.215443 0.762029 0.116733 0.119296
0 0.404266 0.584945 0.205357 0.095982
0 0.228836 0.604539 0.132275 0.158978
0 0.774967 0.496032 0.104828 0.109127
0 0.662533 0.474330 0.104828 0.116319
0 0.551257 0.474206 0.109127 0.116567
0 0.407573 0.466518 0.155754 0.078869
0 0.243056 0.464162 0.163360 0.080109
0 0.772983 0.393477 0.104167 0.092510
0 0.538856 0.368180 0.299272 0.085565
0 0.267196 0.367312 0.214947 0.097222
0 0.768353 0.265873 0.123347 0.151290
0 0.602183 0.266245 0.208995 0.114831
0 0.222718 0.236979 0.114749 0.121776
0 0.766369 0.133805 0.100860 0.112847
0 0.598876 0.138765 0.204365 0.145089
0 0.326554 0.112475 0.325728 0.137153
0 0.332507 0.241567 0.107474 0.119544
0 0.435681 0.246156 0.107474 0.119296
