0 0.716766 0.914559 0.122685 0.083085
0 0.591766 0.917163 0.124008 0.081349
0 0.465608 0.917287 0.125661 0.083581
0 0.335152 0.921627 0.131283 0.082341
0 0.753968 0.815352 0.103836 0.097966
0 0.588955 0.820561 0.202381 0.099950
0 0.326058 0.823661 0.106481 0.101190
0 0.206349 0.836930 0.115079 0.123760
0 0.465939 0.709697 0.152778 0.095486
0 0.204861 0.719494 0.110119 0.103671
0 0.565476 0.599454 0.101190 0.097718
0 0.657738 0.503720 0.296958 0.084821
0 0.444279 0.550223 0.126653 0.155506
0 0.209325 0.598958 0.116402 0.125496
0 0.244213 0.488963 0.164352 0.086062
0 0.671792 0.413566 0.153108 0.079613
0 0.519015 0.408358 0.124008 0.080109
0 0.388558 0.413318 0.109127 0.117312
0 0.627149 0.308284 0.207341 0.119048
0 0.411541 0.298611 0.203373 0.101190
0 0.216270 0.382192 0.115079 0.121032
0 0.218419 0.252728 0.114087 0.118552
0 0.617394 0.201265 0.198413 0.099950
0 0.409722 0.191344 0.207672 0.100942
0 0.616898 0.106647 0.200066 0.103175
0 0.411541 0.088294 0.209987 0.109623
0 0.225198 0.110615 0.129630 0.153274
0 0.664187 0.601687 0.100198 0.097222
0 0.763558 0.604415 0.103175 0.097222
0 0.616402 0.709201 0.147487 0.085565
0 0.762897 0.713542 0.150132 0.087302
0 0.430060 0.821181 0.104167 0.093750
0 0.311343 0.718750 0.106151 0.098710
0 0.322090 0.599950 0.109127 0.116567
