0 0.741071 0.875372 0.171296 0.098958
0 0.563823 0.872272 0.170635 0.097718
0 0.389054 0.879960 0.180886 0.097222
0 0.207176 0.880828 0.177579 0.102927
0 0.747685 0.763269 0.171296 0.096478
0 0.573247 0.766617 0.170966 0.097222
0 0.210317 0.771701 0.179233 0.100942
0 0.782738 0.670015 0.195106 0.081101
0 0.596230 0.668031 0.165344 0.083581
0 0.404597 0.672743 0.184193 0.085565
0 0.216104 0.670511 0.174272 0.088542
0 0.721396 0.577505 0.093585 0.082589
0 0.586640 0.576265 0.162698 0.086062
0 0.406250 0.574405 0.170966 0.083829
0 0.216766 0.576017 0.173611 0.086558
0 0.785384 0.479663 0.190476 0.083829
0 0.580853 0.485987 0.169643 0.095486
0 0.400794 0.481275 0.175265 0.097966
0 0.221065 0.480159 0.177579 0.101190
0 0.673776 0.328621 0.092262 0.081845
0 0.545800 0.328125 0.133929 0.094246
0 0.377480 0.321181 0.174272 0.090774
0 0.182705 0.324653 0.132606 0.101190
0 0.751488 0.223586 0.106151 0.093502
0 0.634755 0.219494 0.107474 0.094246
0 0.523148 0.217386 0.105820 0.098462
0 0.380622 0.216394 0.162698 0.108879
0 0.217923 0.201761 0.113095 0.072669
0 0.739087 0.106027 0.089286 0.101935
0 0.629960 0.086558 0.120370 0.084821
0 0.498843 0.090650 0.120040 0.112847
0 0.364914 0.088914 0.113426 0.124752
0 0.225694 0.089534 0.127315 0.129464
