0 0.718750 0.887773 0.090278 0.081597
0 0.617725 0.908482 0.089286 0.122024
0 0.516204 0.889013 0.089947 0.078125
0 0.310185 0.893601 0.092593 0.081349
0 0.212302 0.889757 0.095899 0.083085
0 0.723710 0.797867 0.091601 0.085813
0 0.622685 0.797867 0.092593 0.080853
0 0.521991 0.803075 0.091601 0.086310
0 0.417989 0.803075 0.091931 0.079861
0 0.169478 0.798859 0.185516 0.082341
0 0.723710 0.702133 0.088294 0.079861
0 0.621362 0.704737 0.089947 0.078125
0 0.521329 0.707217 0.090278 0.078125
0 0.422123 0.709449 0.090278 0.080109
0 0.316964 0.707961 0.096892 0.082093
0 0.214616 0.707713 0.091931 0.081101
0 0.723710 0.618924 0.091601 0.081101
0 0.622685 0.619420 0.089286 0.080605
0 0.522487 0.619668 0.087963 0.080109
0 0.428406 0.618676 0.090939 0.079117
0 0.324901 0.621404 0.090939 0.081101
0 0.217427 0.620784 0.094246 0.081349
0 0.718254 0.528770 0.089286 0.078373
0 0.621528 0.531002 0.087632 0.078869
0 0.524140 0.532738 0.087963 0.078869
0 0.429067 0.531870 0.092923 0.081597
0 0.322917 0.532118 0.093585 0.080109
0 0.219742 0.534846 0.094246 0.078125
0 0.717758 0.440352 0.094246 0.080109
0 0.623181 0.441344 0.090939 0.079117
0 0.524967 0.439856 0.089616 0.078621
0 0.427083 0.446305 0.091601 0.087054
0 0.325728 0.440104 0.092593 0.082093
0 0.219577 0.445437 0.093254 0.091270
0 0.716270 0.341146 0.088624 0.104911
0 0.619709 0.346478 0.088624 0.080357
0 0.524140 0.346602 0.091270 0.080605
0 0.331349 0.345610 0.092593 0.082589
0 0.218915 0.345858 0.092593 0.079613
0 0.622851 0.252232 0.091601 0.079365
0 0.522652 0.254216 0.090939 0.086806
0 0.428406 0.254092 0.090939 0.089038
0 0.331845 0.250868 0.094907 0.080605
0 0.194940 0.250124 0.140542 0.088542
0 0.716766 0.169147 0.088955 0.078373
0 0.621362 0.168031 0.089947 0.078125
0 0.527282 0.164931 0.090939 0.081845
0 0.427414 0.162326 0.094246 0.080605
0 0.332341 0.161458 0.092593 0.078869
0 0.717593 0.087178 0.087302 0.080109
0 0.622189 0.078001 0.086971 0.090526
0 0.528274 0.078745 0.089616 0.081597
0 0.427579 0.075149 0.089286 0.081845
0 0.331515 0.074157 0.089616 0.081349
0 0.203869 0.099206 0.127976 0.131448
