0 0.320602 0.241567 0.247685 0.095238
0 0.732970 0.877232 0.102844 0.118552
0 0.584821 0.914435 0.167659 0.087798
0 0.435516 0.901786 0.111772 0.132937
0 0.291005 0.919767 0.166667 0.078621
0 0.316799 0.841766 0.084656 0.073909
0 0.234788 0.837674 0.088624 0.078125
0 0.711640 0.758433 0.088624 0.077877
0 0.571594 0.779638 0.174272 0.118800
0 0.389881 0.762401 0.169312 0.085317
0 0.255787 0.759425 0.094246 0.084821
0 0.737269 0.646453 0.113426 0.125248
0 0.620370 0.648313 0.115741 0.126488
0 0.504960 0.648810 0.115079 0.127480
0 0.382440 0.650050 0.112765 0.129464
0 0.260086 0.648686 0.112765 0.130208
0 0.711806 0.530754 0.090939 0.074901
0 0.615741 0.530258 0.089947 0.076885
0 0.471892 0.532366 0.171296 0.084077
0 0.290840 0.531498 0.170304 0.083333
0 0.723876 0.438120 0.102513 0.094494
0 0.617394 0.440352 0.105820 0.093998
0 0.472553 0.436012 0.171296 0.083829
0 0.290344 0.437376 0.173280 0.083581
0 0.655754 0.339782 0.169974 0.086310
0 0.470238 0.341394 0.173280 0.086062
0 0.289517 0.340402 0.174934 0.088542
0 0.695602 0.242932 0.129299 0.084573
0 0.522817 0.243428 0.172619 0.087550
0 0.736442 0.115327 0.112434 0.129464
0 0.616898 0.116071 0.114087 0.129960
0 0.496362 0.116443 0.117063 0.131696
0 0.372354 0.119544 0.114418 0.133929
0 0.252646 0.121280 0.107804 0.133433
