0 0.758598 0.937128 0.156746 0.093502
0 0.625661 0.941592 0.085317 0.089534
0 0.443287 0.942460 0.097553 0.076389
0 0.251819 0.952381 0.089616 0.092758
0 0.623347 0.855035 0.089947 0.077133
0 0.434358 0.862971 0.089616 0.081101
0 0.219577 0.866443 0.148810 0.077133
0 0.623677 0.774306 0.089947 0.079365
0 0.529597 0.772073 0.091601 0.077877
0 0.435516 0.773934 0.087302 0.080109
0 0.340112 0.781622 0.090278 0.079613
0 0.242725 0.784598 0.089947 0.076637
0 0.721230 0.691344 0.090608 0.078621
0 0.623843 0.690724 0.088955 0.079365
0 0.518022 0.690972 0.088294 0.078869
0 0.433201 0.693576 0.087963 0.075149
0 0.337302 0.698537 0.093254 0.077133
0 0.243221 0.701389 0.092923 0.078373
0 0.720238 0.599950 0.089286 0.076389
0 0.627811 0.603423 0.090278 0.078869
0 0.532077 0.605531 0.088624 0.078125
0 0.434193 0.607143 0.089947 0.077877
0 0.339286 0.609623 0.091931 0.079365
0 0.240079 0.614955 0.093254 0.080109
0 0.717427 0.525422 0.091601 0.075645
0 0.623677 0.523810 0.088624 0.078869
0 0.526620 0.524802 0.090278 0.076885
0 0.432870 0.524678 0.093915 0.078621
0 0.336640 0.527158 0.091931 0.080109
0 0.242890 0.524058 0.094246 0.080357
0 0.710317 0.433036 0.086640 0.078869
0 0.616733 0.436632 0.093915 0.076637
0 0.523313 0.439360 0.090278 0.075149
0 0.432540 0.440724 0.092593 0.080853
0 0.338624 0.441716 0.091270 0.080357
0 0.237269 0.442708 0.093585 0.079861
0 0.713624 0.351687 0.093254 0.079365
0 0.618056 0.350198 0.089286 0.079365
0 0.524967 0.351314 0.090278 0.080605
0 0.431713 0.353423 0.092923 0.081349
0 0.335813 0.353051 0.094246 0.082093
0 0.238261 0.353919 0.096230 0.080357
0 0.719907 0.258805 0.093915 0.082093
0 0.620866 0.259425 0.092923 0.078869
0 0.521660 0.258929 0.093585 0.080357
0 0.426918 0.261161 0.091931 0.082341
0 0.329365 0.259177 0.091931 0.079861
0 0.232474 0.262773 0.093254 0.082093
0 0.715608 0.170139 0.090608 0.078869
0 0.621362 0.165675 0.091931 0.079861
0 0.526455 0.166915 0.095238 0.081845
0 0.428737 0.166171 0.094246 0.081845
0 0.330688 0.169767 0.092593 0.079613
0 0.714286 0.084945 0.091270 0.080109
0 0.622354 0.080729 0.092593 0.079117
0 0.526951 0.084325 0.090939 0.081349
0 0.432540 0.080481 0.094577 0.082093
0 0.325893 0.077629 0.096230 0.081349
0 0.228175 0.073661 0.099206 0.080853
