0 0.731978 0.893229 0.087632 0.080109
0 0.632110 0.900918 0.087632 0.095486
0 0.537368 0.905010 0.089947 0.097222
0 0.346726 0.925719 0.286045 0.145089
0 0.540675 0.809276 0.472222 0.086806
0 0.736111 0.706597 0.089286 0.091270
0 0.641204 0.710317 0.089286 0.097222
0 0.446429 0.706597 0.089947 0.094742
0 0.349372 0.702877 0.090939 0.082341
0 0.252976 0.702877 0.091931 0.079861
0 0.729993 0.608631 0.091601 0.088790
0 0.634590 0.605903 0.092593 0.081845
0 0.539848 0.611483 0.088294 0.093006
0 0.448909 0.613591 0.090278 0.094742
0 0.352183 0.609003 0.089947 0.083085
0 0.258763 0.614831 0.091601 0.096230
0 0.740245 0.515625 0.090939 0.082341
0 0.258267 0.524554 0.092593 0.089286
0 0.510417 0.521205 0.365410 0.085069
0 0.534888 0.431920 0.493717 0.086062
0 0.711806 0.339286 0.091601 0.081845
0 0.431878 0.340402 0.446429 0.080605
0 0.492725 0.213418 0.566138 0.167411
0 0.721396 0.073537 0.087632 0.098462
0 0.623016 0.062004 0.089286 0.124008
0 0.441468 0.081597 0.089947 0.078869
0 0.350860 0.082217 0.089286 0.077629
0 0.257937 0.082217 0.093254 0.080109
