0 0.744874 0.885789 0.090278 0.078621
0 0.650298 0.886409 0.094246 0.084821
0 0.554729 0.889137 0.090278 0.081845
0 0.463294 0.888269 0.089286 0.078621
0 0.362599 0.891121 0.094246 0.079365
0 0.267030 0.887897 0.096892 0.081845
0 0.650132 0.792535 0.287698 0.078125
0 0.457672 0.797743 0.085979 0.090030
0 0.318287 0.793403 0.187500 0.079861
0 0.442295 0.621652 0.713294 0.274554
0 0.524967 0.347966 0.632606 0.267857
0 0.682870 0.161954 0.194444 0.084325
0 0.348876 0.168155 0.288360 0.086806
0 0.582341 0.076637 0.383598 0.083829
0 0.341104 0.079117 0.090939 0.078869
0 0.247189 0.076637 0.094907 0.084821
