0 0.510251 0.909474 0.088624 0.076389
0 0.414683 0.911210 0.089286 0.073909
0 0.277447 0.908234 0.171958 0.076885
0 0.698743 0.897321 0.088624 0.075893
0 0.700728 0.821181 0.084656 0.076389
0 0.605489 0.859871 0.088624 0.147817
0 0.500992 0.824901 0.088624 0.074901
0 0.316799 0.826885 0.253307 0.078869
0 0.657407 0.687996 0.172619 0.080853
0 0.516534 0.687500 0.089286 0.077877
0 0.424603 0.687004 0.085317 0.077877
0 0.330026 0.688988 0.089286 0.077877
0 0.237103 0.689980 0.087302 0.075893
0 0.705688 0.593998 0.086640 0.079365
0 0.613095 0.594990 0.087963 0.077381
0 0.517526 0.597470 0.088624 0.078373
0 0.424934 0.597718 0.087302 0.077877
0 0.332341 0.598958 0.087302 0.076389
0 0.211310 0.593254 0.084656 0.076885
0 0.705357 0.506944 0.091270 0.076885
0 0.610780 0.510169 0.088624 0.079365
0 0.520172 0.511905 0.088624 0.074901
0 0.422619 0.505704 0.089286 0.074405
0 0.704034 0.411458 0.089947 0.079365
0 0.602513 0.420139 0.090608 0.077877
0 0.465939 0.415675 0.171958 0.079861
0 0.316799 0.504960 0.103836 0.076885
0 0.314484 0.413690 0.103175 0.077877
0 0.209987 0.463790 0.091270 0.150298
0 0.719907 0.331845 0.088624 0.075893
0 0.624339 0.332589 0.090608 0.076389
0 0.528108 0.334573 0.085979 0.077381
0 0.335317 0.331349 0.086640 0.075893
0 0.755622 0.254216 0.160053 0.077381
0 0.623677 0.253224 0.089286 0.078373
0 0.484458 0.250496 0.174603 0.077877
0 0.342593 0.252232 0.090608 0.078373
0 0.242063 0.257440 0.097222 0.077877
0 0.707672 0.168651 0.091931 0.078869
0 0.612103 0.169643 0.091270 0.075893
0 0.523148 0.168899 0.085317 0.075397
0 0.432209 0.170139 0.091270 0.075893
0 0.342593 0.169643 0.090608 0.078869
0 0.242063 0.171379 0.090608 0.078373
0 0.711310 0.082341 0.089947 0.079861
0 0.613095 0.083333 0.089286 0.079861
0 0.520503 0.081597 0.089286 0.074405
0 0.430225 0.082589 0.087302 0.077381
0 0.336640 0.084573 0.089286 0.077381
