0 0.612434 0.930184 0.278439 0.109871
0 0.424438 0.911582 0.087632 0.075645
0 0.333003 0.922247 0.087963 0.099950
0 0.233796 0.917907 0.084656 0.093750
0 0.708003 0.832341 0.087302 0.077381
0 0.609458 0.833829 0.087963 0.081845
0 0.514220 0.834201 0.085979 0.077629
0 0.419808 0.834325 0.086310 0.079365
0 0.327216 0.831349 0.086310 0.078373
0 0.180390 0.831101 0.200066 0.078373
0 0.677910 0.747396 0.089286 0.086558
0 0.572255 0.752108 0.085648 0.083085
0 0.468750 0.752976 0.087632 0.082837
0 0.373677 0.755208 0.085979 0.074901
0 0.580522 0.668775 0.084325 0.083085
0 0.473710 0.669023 0.086971 0.082589
0 0.375331 0.668899 0.086640 0.083333
0 0.253142 0.705853 0.132606 0.150298
0 0.702216 0.582217 0.089616 0.077629
0 0.605324 0.578125 0.090939 0.075893
0 0.509755 0.578249 0.087632 0.076141
0 0.414683 0.580605 0.089286 0.075893
0 0.322090 0.581349 0.088624 0.076885
0 0.230489 0.583209 0.089947 0.077629
0 0.704530 0.492436 0.099537 0.084573
0 0.609623 0.496032 0.086310 0.076885
0 0.515046 0.495784 0.090278 0.076885
0 0.416667 0.496032 0.089947 0.076885
0 0.322090 0.496900 0.089286 0.075645
0 0.230159 0.497892 0.087963 0.076141
0 0.708168 0.411086 0.087632 0.076141
0 0.611938 0.413194 0.087632 0.076885
0 0.517526 0.415055 0.086640 0.076637
0 0.415840 0.414683 0.086971 0.075893
0 0.323082 0.416543 0.086640 0.073661
0 0.615906 0.326017 0.086971 0.079117
0 0.516204 0.327877 0.087963 0.079861
0 0.416005 0.327381 0.087963 0.077381
0 0.322421 0.330729 0.089947 0.078125
0 0.229663 0.371032 0.092923 0.151290
0 0.718915 0.179688 0.089286 0.092510
0 0.624008 0.181424 0.090608 0.093502
0 0.527943 0.198537 0.090278 0.117808
0 0.427745 0.175719 0.088955 0.075645
0 0.330688 0.179439 0.089947 0.074157
0 0.237434 0.181052 0.102513 0.087302
0 0.719081 0.082341 0.089616 0.080853
0 0.623512 0.084077 0.092262 0.079861
0 0.526455 0.084573 0.091270 0.079365
0 0.427745 0.086930 0.092923 0.078125
0 0.238095 0.092758 0.089947 0.079365
