0 0.703869 0.905754 0.086310 0.079365
0 0.611772 0.907738 0.089947 0.079365
0 0.519676 0.909102 0.090939 0.078125
0 0.240906 0.911086 0.092262 0.078621
0 0.709821 0.778150 0.094246 0.155010
0 0.470238 0.747148 0.177910 0.080605
0 0.279101 0.755208 0.178571 0.080853
0 0.711640 0.602431 0.089947 0.081349
0 0.620370 0.601438 0.091270 0.080357
0 0.524802 0.605779 0.089947 0.080605
0 0.432209 0.605779 0.091931 0.079117
0 0.241733 0.603299 0.090608 0.079613
0 0.719081 0.505828 0.093585 0.078125
0 0.530258 0.508433 0.094246 0.080357
0 0.243386 0.512153 0.089286 0.078373
0 0.717427 0.418155 0.088294 0.081349
0 0.622851 0.419643 0.089616 0.079365
0 0.518849 0.421875 0.092593 0.078869
0 0.738261 0.332465 0.091601 0.080605
0 0.638062 0.334697 0.090278 0.080605
0 0.543981 0.337302 0.091931 0.080357
0 0.447917 0.341146 0.090278 0.080605
0 0.351190 0.343874 0.093254 0.081101
0 0.254960 0.344990 0.095899 0.078869
0 0.763393 0.252108 0.147156 0.078621
0 0.636409 0.254836 0.090278 0.078125
0 0.541336 0.253968 0.093254 0.081349
0 0.441799 0.255704 0.090608 0.078869
0 0.345073 0.257068 0.092923 0.078621
0 0.738757 0.168403 0.089286 0.081349
0 0.634425 0.167287 0.089616 0.080605
0 0.539848 0.165799 0.090278 0.078621
0 0.442295 0.166915 0.090278 0.079365
0 0.347057 0.164062 0.093585 0.077629
0 0.248347 0.176215 0.092593 0.078125
0 0.732804 0.080357 0.091270 0.079861
0 0.636078 0.078993 0.090939 0.078621
0 0.540509 0.081225 0.091601 0.077133
0 0.447586 0.082465 0.092923 0.078125
0 0.350860 0.084077 0.091270 0.079861
0 0.247520 0.086558 0.090939 0.078869
