0 0.591104 0.848090 0.121362 0.124256
0 0.460152 0.850446 0.122685 0.124504
0 0.634590 0.732515 0.163360 0.093006
0 0.466931 0.701761 0.119048 0.125744
0 0.337136 0.702877 0.120040 0.124008
0 0.673611 0.642361 0.238095 0.076885
0 0.733796 0.537326 0.119048 0.123264
0 0.603009 0.535466 0.119378 0.119048
0 0.470734 0.537822 0.118717 0.121776
0 0.336475 0.538690 0.123347 0.121032
0 0.713790 0.421007 0.158399 0.088542
0 0.544147 0.420139 0.160384 0.089782
0 0.355324 0.428323 0.172950 0.084821
0 0.717097 0.329861 0.166997 0.081845
0 0.541171 0.331225 0.168981 0.080605
0 0.362103 0.330605 0.172619 0.080853
0 0.754134 0.185020 0.080357 0.070933
0 0.671958 0.183532 0.080026 0.069444
0 0.586806 0.184028 0.081680 0.070933
0 0.500331 0.180928 0.082011 0.074157
0 0.411376 0.179936 0.084656 0.071677
0 0.748512 0.109623 0.082341 0.069940
0 0.579696 0.105655 0.081349 0.070437
