0 0.677083 0.901538 0.167659 0.077381
0 0.310681 0.898313 0.170966 0.077877
0 0.681382 0.814484 0.166997 0.079365
0 0.489418 0.824901 0.172619 0.093254
0 0.685516 0.728423 0.169312 0.078869
0 0.490575 0.726687 0.168320 0.094246
0 0.313492 0.726935 0.171958 0.079365
0 0.687665 0.637649 0.166997 0.080357
0 0.501984 0.635789 0.167989 0.078125
0 0.320767 0.636161 0.170635 0.077381
0 0.503472 0.546503 0.166336 0.075645
0 0.327381 0.546875 0.169974 0.077381
0 0.689319 0.468626 0.163690 0.075149
0 0.506118 0.467386 0.166336 0.076637
0 0.511739 0.390129 0.164352 0.077877
0 0.329696 0.420511 0.168651 0.145089
0 0.695933 0.304315 0.163029 0.075893
0 0.691138 0.090030 0.160714 0.090774
0 0.741402 0.199405 0.099206 0.121032
0 0.637401 0.198413 0.098876 0.119048
0 0.519511 0.196057 0.099206 0.121776
0 0.343254 0.246280 0.167328 0.075893
0 0.345569 0.162946 0.168651 0.077877
0 0.521495 0.085689 0.161376 0.076637
0 0.340278 0.080729 0.165344 0.075645
