0 0.527778 0.901042 0.166005 0.081349
0 0.353175 0.899554 0.164683 0.077381
0 0.772156 0.801091 0.111111 0.127480
0 0.610450 0.796379 0.098545 0.127976
0 0.501653 0.794891 0.097884 0.126984
0 0.354497 0.793651 0.173942 0.133433
0 0.728175 0.692212 0.167328 0.080357
0 0.542989 0.687748 0.164683 0.084325
0 0.362103 0.683780 0.167989 0.081349
0 0.747685 0.601687 0.210317 0.081845
0 0.547619 0.594246 0.167328 0.077877
0 0.369048 0.592014 0.164683 0.078373
0 0.733796 0.511409 0.165344 0.078869
0 0.550595 0.507937 0.162698 0.076885
0 0.375331 0.503472 0.166667 0.073909
0 0.555886 0.423363 0.164021 0.074405
0 0.379299 0.422371 0.158730 0.076389
0 0.558862 0.343006 0.162037 0.075397
0 0.383433 0.338542 0.164352 0.078373
0 0.704696 0.305804 0.087302 0.143849
0 0.753472 0.186756 0.162368 0.076885
0 0.710483 0.100446 0.160384 0.075893
0 0.563823 0.267485 0.164683 0.076637
0 0.568618 0.186260 0.163029 0.079365
0 0.390377 0.206349 0.161706 0.140873
