0 0.692460 0.867436 0.085317 0.077133
0 0.552910 0.869172 0.169312 0.077133
0 0.366567 0.869544 0.174934 0.077877
0 0.552579 0.785838 0.167328 0.079117
0 0.365741 0.787574 0.169974 0.081101
0 0.792163 0.702381 0.084325 0.076885
0 0.704696 0.703373 0.086640 0.077381
0 0.612930 0.702381 0.086310 0.077877
0 0.518353 0.702009 0.087632 0.078125
0 0.424272 0.700149 0.087302 0.077381
0 0.328538 0.701761 0.088955 0.076637
0 0.794478 0.605655 0.090939 0.104663
0 0.693783 0.616815 0.085317 0.076389
0 0.605324 0.607639 0.083664 0.100694
0 0.515873 0.618552 0.084656 0.077877
0 0.425595 0.619048 0.087302 0.078869
0 0.330026 0.619420 0.090608 0.079613
0 0.727183 0.436136 0.168651 0.078621
0 0.548280 0.437624 0.167328 0.081597
0 0.362434 0.438120 0.171296 0.083085
0 0.722884 0.265749 0.164021 0.076637
0 0.543485 0.267485 0.168320 0.078125
0 0.365245 0.266617 0.174934 0.079365
0 0.542824 0.181548 0.166336 0.078373
0 0.365741 0.178199 0.171296 0.080605
0 0.711806 0.100942 0.163029 0.076389
0 0.541501 0.096354 0.165675 0.082093
