0 0.561012 0.913318 0.153108 0.087550
0 0.380622 0.916791 0.187169 0.085565
0 0.749339 0.829241 0.111111 0.128720
0 0.603340 0.812748 0.174272 0.081845
0 0.422619 0.818452 0.176587 0.083333
0 0.237103 0.817212 0.170635 0.083829
0 0.724206 0.684772 0.119048 0.124008
0 0.588128 0.689608 0.122685 0.124256
0 0.453538 0.694196 0.114087 0.128968
0 0.329530 0.695933 0.110780 0.127480
0 0.208003 0.695188 0.108466 0.127976
0 0.739418 0.554067 0.107143 0.064980
0 0.605159 0.563492 0.151455 0.078869
0 0.457011 0.573041 0.126323 0.104415
0 0.325728 0.570561 0.101852 0.092014
0 0.207341 0.571057 0.106481 0.093006
0 0.703538 0.461434 0.163690 0.087054
0 0.520172 0.462302 0.169974 0.081349
0 0.373677 0.469122 0.092593 0.083581
0 0.229001 0.464658 0.186177 0.084077
0 0.496858 0.357763 0.117394 0.106895
0 0.366402 0.361731 0.125000 0.108383
0 0.221065 0.355283 0.134590 0.088046
0 0.661872 0.244544 0.189484 0.088790
0 0.447917 0.241939 0.189484 0.088542
0 0.244378 0.249504 0.177910 0.087302
0 0.729332 0.117684 0.118056 0.143105
0 0.597057 0.116071 0.116071 0.140873
0 0.465608 0.111731 0.118386 0.143105
0 0.333995 0.110243 0.123677 0.143601
0 0.202712 0.118428 0.109127 0.139137
0 0.674934 0.347842 0.211640 0.095486
