0 0.792493 0.867560 0.082341 0.076389
0 0.706184 0.870412 0.086310 0.078621
0 0.613757 0.870536 0.087963 0.076885
0 0.518849 0.870164 0.086640 0.076637
0 0.719742 0.785714 0.213955 0.076389
0 0.535714 0.786830 0.126984 0.076637
0 0.343254 0.780258 0.225529 0.076885
0 0.786376 0.703869 0.087963 0.076389
0 0.652612 0.703373 0.169643 0.077381
0 0.485450 0.700273 0.124339 0.077629
0 0.353836 0.698909 0.126323 0.077877
0 0.751653 0.613467 0.123677 0.078125
0 0.625827 0.613839 0.126653 0.075893
0 0.493882 0.616195 0.124008 0.075645
0 0.359954 0.614955 0.127315 0.076141
0 0.725694 0.526166 0.086971 0.075645
0 0.809689 0.277654 0.087632 0.075645
0 0.808201 0.194320 0.083333 0.066716
0 0.804729 0.114707 0.083003 0.073165
0 0.715278 0.117063 0.082672 0.071429
0 0.625992 0.116195 0.086640 0.072173
0 0.543155 0.200645 0.084325 0.076885
0 0.340443 0.103671 0.087632 0.075893
