0 0.801257 0.906746 0.119048 0.073909
0 0.692460 0.910590 0.085979 0.075645
0 0.604663 0.911334 0.085648 0.075645
0 0.514550 0.912698 0.085979 0.076885
0 0.421462 0.920635 0.083664 0.095734
0 0.326389 0.920015 0.098545 0.090526
0 0.800926 0.827877 0.116402 0.074901
0 0.696429 0.832217 0.087302 0.075149
0 0.607143 0.830853 0.087963 0.076885
0 0.516204 0.831969 0.090608 0.076637
0 0.422454 0.831473 0.084987 0.075645
0 0.308036 0.832961 0.130622 0.072669
0 0.790509 0.742684 0.084325 0.076637
0 0.703373 0.743056 0.086640 0.074901
0 0.612930 0.745536 0.086310 0.076389
0 0.519676 0.747024 0.087632 0.076885
0 0.424934 0.748016 0.086640 0.077381
0 0.302910 0.747892 0.145503 0.073661
0 0.809028 0.662574 0.107474 0.072669
0 0.705688 0.664559 0.089286 0.073165
0 0.610780 0.667287 0.091931 0.075645
0 0.505952 0.668403 0.086640 0.073413
0 0.348380 0.669643 0.217923 0.075893
0 0.812169 0.585441 0.111111 0.073165
0 0.706349 0.587054 0.083995 0.085317
0 0.615575 0.584697 0.087632 0.073165
0 0.522156 0.585938 0.082672 0.076637
0 0.427249 0.585565 0.083333 0.076389
0 0.334325 0.586558 0.084656 0.074405
0 0.786541 0.462302 0.085648 0.144345
0 0.653604 0.457217 0.124008 0.104911
0 0.525132 0.464658 0.082672 0.139633
0 0.428737 0.466642 0.084325 0.139633
0 0.310681 0.466766 0.131283 0.146329
0 0.790013 0.349702 0.085979 0.074405
0 0.702050 0.350942 0.085979 0.073413
0 0.611938 0.352555 0.084325 0.073661
0 0.517857 0.346850 0.084656 0.091022
0 0.427249 0.342510 0.086640 0.074901
0 0.314153 0.344494 0.128307 0.074901
0 0.745370 0.259425 0.162037 0.073909
0 0.616567 0.264757 0.084987 0.086558
0 0.521991 0.262773 0.083003 0.073165
0 0.429067 0.261905 0.084987 0.073909
0 0.311839 0.262277 0.135582 0.074653
0 0.788194 0.181424 0.082341 0.071181
0 0.699570 0.181920 0.084325 0.072669
0 0.609623 0.182292 0.083003 0.072917
0 0.522487 0.183780 0.082011 0.073909
0 0.429894 0.182912 0.086640 0.074653
0 0.314649 0.182540 0.127315 0.072421
0 0.786872 0.107019 0.084987 0.072669
0 0.700231 0.105779 0.081680 0.073661
0 0.613261 0.106647 0.083664 0.072917
0 0.525463 0.088170 0.082672 0.102927
0 0.435516 0.087798 0.085317 0.103671
0 0.336475 0.095858 0.088294 0.086062
