0 0.746032 0.850818 0.126984 0.078125
0 0.612599 0.845610 0.086971 0.075645
0 0.517030 0.846974 0.085648 0.075893
0 0.424934 0.850074 0.088624 0.077133
0 0.318618 0.848462 0.089616 0.076389
0 0.794808 0.764881 0.088955 0.074901
0 0.703042 0.765749 0.084656 0.076637
0 0.607308 0.761781 0.087632 0.075149
0 0.465774 0.765997 0.166997 0.076141
0 0.322586 0.766989 0.087632 0.074653
0 0.788856 0.678695 0.087632 0.080109
0 0.699735 0.681424 0.087963 0.074157
0 0.608796 0.682912 0.083995 0.077629
0 0.515708 0.684772 0.084987 0.077381
0 0.423446 0.685516 0.087632 0.074901
0 0.326058 0.688864 0.089286 0.073165
0 0.334325 0.609499 0.101190 0.064236
0 0.650959 0.552455 0.317130 0.116319
0 0.341931 0.531374 0.221561 0.074157
0 0.669478 0.444196 0.225860 0.073909
0 0.484788 0.445685 0.126984 0.074405
0 0.304067 0.445809 0.213955 0.073165
0 0.742725 0.358755 0.218254 0.073661
0 0.543320 0.359995 0.165344 0.075149
0 0.344246 0.359127 0.211640 0.074405
0 0.739749 0.277654 0.217593 0.073165
0 0.539021 0.278026 0.162698 0.073909
0 0.342758 0.276786 0.209987 0.076389
0 0.736442 0.199653 0.214286 0.071925
0 0.538525 0.196677 0.161706 0.074405
0 0.367063 0.193700 0.167989 0.073909
0 0.752646 0.103299 0.256614 0.089534
0 0.536872 0.099826 0.161706 0.096478
0 0.365575 0.097966 0.170304 0.091766
