0 0.798611 0.919767 0.086640 0.103423
0 0.718750 0.828373 0.085648 0.074405
0 0.635417 0.859747 0.097553 0.127728
0 0.542989 0.835317 0.082011 0.074901
0 0.543651 0.913566 0.085979 0.075149
0 0.451389 0.918279 0.088624 0.088046
0 0.454696 0.833457 0.103175 0.085069
0 0.334821 0.858879 0.145172 0.206349
0 0.562665 0.730655 0.084325 0.076389
0 0.416997 0.737227 0.168651 0.076637
0 0.760417 0.644097 0.229167 0.076885
0 0.528935 0.644841 0.166336 0.075893
0 0.348545 0.641741 0.168651 0.079117
0 0.766865 0.560392 0.079365 0.083085
0 0.676587 0.559028 0.084656 0.081349
0 0.587302 0.560888 0.083995 0.081101
0 0.492229 0.563492 0.086310 0.084325
0 0.402447 0.562748 0.083333 0.079861
0 0.261574 0.563492 0.183862 0.079365
0 0.795635 0.480655 0.147487 0.076885
0 0.673776 0.480531 0.084987 0.077133
0 0.586971 0.480035 0.082011 0.080605
0 0.496197 0.480779 0.084325 0.080109
0 0.404101 0.482143 0.083333 0.079861
0 0.281415 0.482267 0.144180 0.082093
0 0.706184 0.363963 0.163690 0.074157
0 0.515708 0.374132 0.137897 0.122272
0 0.351852 0.351190 0.168651 0.077381
0 0.689153 0.272321 0.162037 0.074405
0 0.520668 0.269097 0.164352 0.075893
0 0.351025 0.268105 0.166997 0.076389
0 0.768188 0.192956 0.082672 0.069444
0 0.681548 0.192460 0.084656 0.071429
0 0.591766 0.192212 0.083664 0.070933
0 0.502480 0.190600 0.083664 0.073661
0 0.406250 0.189112 0.082341 0.071677
0 0.311839 0.185888 0.085979 0.073165
0 0.815146 0.110367 0.179233 0.088294
0 0.678241 0.116195 0.083995 0.078621
0 0.590443 0.116319 0.081019 0.078869
0 0.500000 0.112847 0.083333 0.080357
0 0.410053 0.110367 0.082011 0.080853
0 0.312004 0.104787 0.081019 0.071677
