0 0.708664 0.869172 0.178571 0.085565
0 0.546627 0.863839 0.095899 0.091766
0 0.700562 0.776290 0.130622 0.077877
0 0.781746 0.683284 0.089286 0.082837
0 0.682044 0.689112 0.101521 0.092510
0 0.556713 0.761409 0.124008 0.075893
0 0.560847 0.680060 0.125661 0.076885
0 0.422288 0.850694 0.115079 0.125000
0 0.424934 0.701761 0.116402 0.125248
0 0.295635 0.761285 0.115741 0.244296
0 0.756448 0.584697 0.094907 0.089534
0 0.648644 0.591518 0.100860 0.091766
0 0.531911 0.591766 0.099537 0.091270
0 0.403770 0.587550 0.091270 0.079861
0 0.293485 0.588418 0.098214 0.080605
0 0.752149 0.482143 0.093585 0.083829
0 0.645503 0.488839 0.103175 0.088790
0 0.532242 0.488591 0.103505 0.091766
0 0.422784 0.491443 0.107474 0.098462
0 0.300265 0.493056 0.109127 0.094246
0 0.743552 0.389261 0.090939 0.080605
0 0.615741 0.392485 0.134921 0.087054
0 0.439815 0.386905 0.148148 0.080357
0 0.293816 0.399182 0.104167 0.088046
0 0.739087 0.298859 0.089947 0.085317
0 0.639220 0.301587 0.095899 0.086310
0 0.527447 0.293279 0.101852 0.096974
0 0.421627 0.290799 0.103175 0.099454
0 0.297288 0.293155 0.112434 0.111607
0 0.669643 0.207465 0.167989 0.100942
0 0.522487 0.203249 0.085317 0.075645
0 0.431548 0.202257 0.086640 0.078125
0 0.312831 0.193204 0.140212 0.069940
0 0.778274 0.104043 0.090939 0.085565
0 0.647983 0.096726 0.161045 0.078373
0 0.517857 0.096230 0.089286 0.076885
0 0.357970 0.101687 0.220569 0.103175
