0 0.690807 0.798735 0.085979 0.075645
0 0.602513 0.801091 0.085317 0.076885
0 0.489749 0.839162 0.121032 0.128224
0 0.338294 0.826637 0.171958 0.094246
0 0.636078 0.710193 0.165675 0.093502
0 0.482143 0.716394 0.142196 0.118304
0 0.329861 0.720486 0.146495 0.116567
0 0.758102 0.616319 0.084987 0.075893
0 0.665840 0.620784 0.086310 0.074405
0 0.578704 0.622892 0.085317 0.073661
0 0.462467 0.577257 0.120701 0.121280
0 0.326224 0.585938 0.137235 0.134177
0 0.610780 0.535590 0.164683 0.090526
0 0.756118 0.470734 0.124008 0.121528
0 0.594742 0.448785 0.139220 0.075645
0 0.481978 0.448413 0.083664 0.074405
0 0.391700 0.447669 0.084987 0.076885
0 0.302249 0.448537 0.089286 0.076141
0 0.749669 0.368676 0.086640 0.072669
0 0.660218 0.370164 0.084325 0.072173
0 0.571925 0.371032 0.083664 0.074901
0 0.483466 0.369172 0.083333 0.075149
0 0.393022 0.366195 0.087632 0.075149
0 0.302083 0.364955 0.088955 0.075149
0 0.749835 0.286210 0.084987 0.073909
0 0.663690 0.285962 0.083333 0.074405
0 0.576058 0.287078 0.085317 0.075645
0 0.486772 0.282366 0.085317 0.075149
0 0.391369 0.282862 0.087632 0.075645
0 0.300761 0.278770 0.084987 0.074901
0 0.750496 0.198785 0.084987 0.073661
0 0.659888 0.197173 0.084325 0.073413
0 0.572421 0.198165 0.083995 0.073909
0 0.485119 0.193452 0.086640 0.075397
0 0.393022 0.193700 0.086310 0.076389
0 0.300430 0.190352 0.083003 0.074157
0 0.726521 0.112227 0.141534 0.075645
0 0.558036 0.112475 0.078373 0.075149
0 0.474537 0.108755 0.080026 0.075149
0 0.391038 0.104911 0.078373 0.076885
0 0.304067 0.102927 0.078373 0.075397
