0 0.721230 0.861607 0.167328 0.093750
0 0.726190 0.759797 0.166667 0.092510
0 0.496032 0.819320 0.167989 0.093502
0 0.316634 0.818328 0.163029 0.093006
0 0.496197 0.717882 0.166997 0.095486
0 0.319610 0.720114 0.166997 0.094990
0 0.483962 0.624380 0.085648 0.083085
0 0.386409 0.622892 0.083003 0.081101
0 0.280919 0.623760 0.083664 0.081845
0 0.726190 0.669643 0.166667 0.074405
0 0.723710 0.588046 0.166997 0.076389
0 0.403439 0.528522 0.158069 0.096230
0 0.283896 0.532738 0.081019 0.089286
0 0.558532 0.501116 0.122354 0.105407
0 0.721892 0.501736 0.165344 0.074405
0 0.722388 0.407986 0.167659 0.090278
0 0.719577 0.307540 0.173280 0.092758
0 0.558862 0.362227 0.118386 0.122768
0 0.433201 0.365451 0.119709 0.122272
0 0.305721 0.368676 0.121362 0.123264
0 0.719907 0.211062 0.164683 0.087302
0 0.562169 0.228423 0.119709 0.122024
0 0.433862 0.232515 0.118386 0.121280
0 0.303075 0.234251 0.120701 0.120288
0 0.685681 0.119048 0.163690 0.089286
0 0.511739 0.117808 0.164352 0.086806
0 0.329696 0.116691 0.175926 0.083085
