0 0.300761 0.882068 0.169643 0.078621
0 0.455357 0.893477 0.126323 0.131200
0 0.567626 0.863219 0.087632 0.078125
0 0.715443 0.843626 0.168981 0.075149
0 0.764716 0.763889 0.088294 0.078373
0 0.674934 0.764261 0.087302 0.077629
0 0.500827 0.786582 0.167659 0.078621
0 0.669478 0.675347 0.086971 0.076885
0 0.556878 0.708829 0.085979 0.076885
0 0.463790 0.710813 0.086971 0.076389
0 0.373181 0.755208 0.089616 0.079365
0 0.275132 0.778150 0.111772 0.115327
0 0.260582 0.669519 0.085979 0.083085
0 0.367560 0.669023 0.090939 0.080605
0 0.553406 0.630208 0.084325 0.074901
0 0.460813 0.630456 0.084325 0.074405
0 0.772156 0.598586 0.085317 0.073661
0 0.769511 0.522941 0.086640 0.072669
0 0.673280 0.559028 0.087302 0.146825
0 0.560847 0.511781 0.123677 0.124752
0 0.434854 0.515501 0.106481 0.134673
0 0.292163 0.530754 0.152447 0.159722
0 0.747354 0.401538 0.152778 0.155754
0 0.546462 0.379588 0.207341 0.115327
0 0.325562 0.380084 0.215939 0.116815
0 0.718915 0.249504 0.102513 0.066468
0 0.588955 0.256324 0.136905 0.082589
0 0.398975 0.247644 0.107474 0.066220
0 0.282077 0.247272 0.105820 0.066964
0 0.691964 0.115699 0.098214 0.085069
0 0.588128 0.115699 0.102183 0.088542
0 0.458829 0.108135 0.143188 0.079861
0 0.299603 0.107887 0.147487 0.080357
