0 0.768022 0.853671 0.084987 0.079365
0 0.629960 0.859127 0.169312 0.086806
0 0.414021 0.864211 0.258598 0.092014
0 0.241402 0.867312 0.086640 0.080357
0 0.783234 0.767237 0.085648 0.076141
0 0.696594 0.773810 0.087632 0.078373
0 0.606316 0.778026 0.090939 0.081845
0 0.509590 0.780258 0.089286 0.077381
0 0.639881 0.696305 0.166005 0.078125
0 0.511574 0.699653 0.085317 0.074901
0 0.418320 0.737971 0.088624 0.152530
0 0.282242 0.740079 0.178902 0.156746
0 0.763724 0.590278 0.091601 0.219246
0 0.636574 0.611359 0.167989 0.075397
0 0.467097 0.613839 0.166336 0.076885
0 0.286706 0.618180 0.182540 0.085565
0 0.619213 0.522445 0.176257 0.082589
0 0.431382 0.522073 0.180886 0.084325
0 0.257606 0.526538 0.128968 0.081845
0 0.743221 0.424355 0.154431 0.081349
0 0.601852 0.398438 0.103175 0.093502
0 0.481316 0.407986 0.110780 0.114087
0 0.361111 0.407366 0.109788 0.116815
0 0.246362 0.408730 0.109788 0.116567
0 0.764385 0.324777 0.110780 0.112847
0 0.645833 0.305308 0.122354 0.079861
0 0.517692 0.303819 0.124008 0.080357
0 0.385086 0.302331 0.126653 0.081349
0 0.255126 0.300223 0.130622 0.078125
0 0.395668 0.199405 0.428241 0.108631
0 0.720073 0.108631 0.149802 0.081845
0 0.412368 0.101438 0.457011 0.093750
0 0.765377 0.197545 0.096230 0.092510
0 0.667163 0.197669 0.098876 0.091270
