0 0.715443 0.880704 0.182209 0.077381
0 0.353009 0.896949 0.186177 0.095982
0 0.568452 0.786582 0.128968 0.083581
0 0.430556 0.790923 0.128307 0.082341
0 0.307209 0.796503 0.095899 0.085069
0 0.709160 0.683036 0.126653 0.083829
0 0.548446 0.687624 0.166997 0.086558
0 0.410384 0.688368 0.094577 0.083085
0 0.308366 0.691344 0.093585 0.084573
0 0.760913 0.572049 0.104497 0.066220
0 0.655919 0.508681 0.314484 0.077381
0 0.439319 0.593130 0.151786 0.083581
0 0.307044 0.596726 0.092923 0.082341
0 0.404101 0.503472 0.088624 0.080853
0 0.309028 0.504340 0.091601 0.082589
0 0.640542 0.398065 0.139550 0.082837
0 0.495536 0.396825 0.138558 0.084325
0 0.339120 0.392733 0.143849 0.085069
0 0.634425 0.293775 0.138558 0.083085
0 0.493386 0.299603 0.113095 0.101687
0 0.347388 0.294023 0.166997 0.095486
0 0.734623 0.207961 0.100860 0.061260
0 0.607143 0.198785 0.136905 0.082589
0 0.730820 0.122148 0.105159 0.093006
0 0.605820 0.116443 0.134921 0.080605
0 0.394015 0.146329 0.272817 0.167163
