0 0.284226 0.916047 0.146495 0.083581
0 0.625661 0.809772 0.146164 0.095734
0 0.460483 0.816096 0.176257 0.100446
0 0.289187 0.820312 0.157738 0.100446
0 0.737103 0.703869 0.105820 0.106647
0 0.438492 0.717758 0.144180 0.084821
0 0.285880 0.720610 0.147817 0.083085
0 0.722884 0.599454 0.138889 0.079365
0 0.605985 0.624008 0.101521 0.126984
0 0.495536 0.614335 0.105489 0.106647
0 0.385251 0.616691 0.109788 0.107391
0 0.269676 0.618056 0.110780 0.106647
0 0.741071 0.499256 0.110450 0.104167
0 0.628142 0.500000 0.106812 0.102183
0 0.450728 0.439980 0.085979 0.076389
0 0.355655 0.438864 0.090939 0.078125
0 0.257440 0.437872 0.092923 0.078125
0 0.692295 0.352803 0.088955 0.076637
0 0.597718 0.354291 0.090278 0.076141
0 0.465443 0.356027 0.161045 0.080605
0 0.292163 0.355283 0.165675 0.081597
0 0.594742 0.270461 0.087632 0.075645
0 0.468750 0.271205 0.161045 0.081101
0 0.293485 0.269717 0.163029 0.082093
0 0.709160 0.205357 0.111442 0.119048
0 0.561673 0.184772 0.158399 0.080357
0 0.391038 0.183532 0.159722 0.080357
0 0.254960 0.181672 0.087963 0.075645
0 0.514550 0.099578 0.603836 0.092510
