0 0.630291 0.871528 0.162037 0.078869
0 0.457672 0.872520 0.168651 0.079365
0 0.284557 0.870784 0.166997 0.079861
0 0.622024 0.779762 0.167328 0.078869
0 0.370205 0.782490 0.329696 0.075893
0 0.611607 0.687128 0.137897 0.090526
0 0.456680 0.691096 0.160053 0.092510
0 0.289187 0.691592 0.159722 0.090030
0 0.708664 0.592262 0.085979 0.076885
0 0.618717 0.592882 0.082672 0.075645
0 0.530589 0.593998 0.084987 0.075397
0 0.439980 0.595858 0.084325 0.075645
0 0.340939 0.597470 0.084656 0.076389
0 0.253803 0.599578 0.086971 0.074653
0 0.707507 0.512649 0.084987 0.074405
0 0.615410 0.514385 0.084656 0.073909
0 0.529431 0.516493 0.084656 0.076637
0 0.442130 0.515873 0.085317 0.074405
0 0.350033 0.515749 0.084325 0.075645
0 0.262731 0.516617 0.083664 0.071925
0 0.708168 0.425347 0.087632 0.074405
0 0.615906 0.430556 0.084987 0.074901
0 0.529101 0.432168 0.083333 0.074157
0 0.439980 0.431176 0.087632 0.075149
0 0.348876 0.434648 0.085317 0.074157
0 0.262897 0.437500 0.086640 0.073909
0 0.708995 0.348834 0.085979 0.072669
0 0.619048 0.351314 0.082011 0.073661
0 0.530093 0.353423 0.082672 0.072917
0 0.440146 0.354043 0.083995 0.074157
0 0.350364 0.353671 0.084987 0.074901
0 0.263558 0.354911 0.085317 0.073909
0 0.712632 0.272693 0.085317 0.073165
0 0.624173 0.272817 0.084987 0.073413
0 0.536541 0.273313 0.083664 0.074405
0 0.447255 0.274058 0.083664 0.073413
0 0.356978 0.274182 0.084987 0.073165
0 0.266700 0.276786 0.081019 0.072421
0 0.708829 0.194444 0.085648 0.072421
0 0.619048 0.194940 0.085317 0.072421
0 0.533565 0.194196 0.085648 0.071925
0 0.448082 0.194940 0.083333 0.073909
0 0.358631 0.195064 0.083664 0.075149
0 0.270999 0.196925 0.083664 0.074901
0 0.709656 0.113839 0.084656 0.071429
0 0.621197 0.113095 0.082341 0.072421
0 0.530258 0.114087 0.082341 0.071925
0 0.407903 0.114583 0.159061 0.076885
0 0.272817 0.113343 0.086640 0.071925
