0 0.626653 0.880828 0.121693 0.124752
0 0.507771 0.888889 0.104167 0.128472
0 0.373677 0.863219 0.103175 0.065724
0 0.262401 0.866815 0.100860 0.065476
0 0.696098 0.779638 0.098545 0.066220
0 0.589782 0.784350 0.097553 0.065724
0 0.484292 0.786458 0.103505 0.067460
0 0.375000 0.788690 0.102513 0.065476
0 0.264881 0.789311 0.101190 0.066716
0 0.692626 0.709573 0.101521 0.064980
0 0.586475 0.711186 0.100860 0.065724
0 0.484788 0.715154 0.100529 0.066220
0 0.371858 0.717882 0.104828 0.065724
0 0.263228 0.719990 0.101190 0.066964
0 0.533399 0.633061 0.085979 0.077133
0 0.441964 0.634301 0.087632 0.079117
0 0.350033 0.637029 0.087632 0.078621
0 0.258267 0.639881 0.089286 0.075893
0 0.674603 0.552207 0.162698 0.073661
0 0.531911 0.551959 0.086310 0.075645
0 0.442460 0.551835 0.085979 0.075397
0 0.351190 0.554191 0.088624 0.075645
0 0.256283 0.554315 0.088624 0.075397
0 0.705522 0.470858 0.083003 0.072669
0 0.619213 0.470982 0.083664 0.074901
0 0.531250 0.470362 0.084325 0.073661
0 0.441799 0.471974 0.083995 0.076885
0 0.351356 0.472594 0.088294 0.075645
0 0.260086 0.474454 0.084325 0.074405
0 0.712467 0.334821 0.081680 0.100694
0 0.583168 0.329861 0.157077 0.088294
0 0.433366 0.334573 0.117394 0.102183
0 0.682374 0.232143 0.112765 0.099702
0 0.559193 0.231275 0.115741 0.101935
0 0.429398 0.227679 0.117394 0.099206
0 0.291005 0.304191 0.138228 0.253720
0 0.448578 0.121032 0.451389 0.116567
