0 0.284226 0.895089 0.144511 0.092262
0 0.710483 0.826513 0.089616 0.142609
0 0.530754 0.823289 0.197751 0.209573
0 0.377811 0.782738 0.106812 0.119544
0 0.264550 0.787822 0.109788 0.118304
0 0.715443 0.661954 0.092923 0.124504
0 0.604332 0.656622 0.103505 0.108879
0 0.497520 0.659474 0.104828 0.109623
0 0.382275 0.662450 0.107804 0.109623
0 0.267361 0.665303 0.107474 0.110367
0 0.399140 0.562128 0.146164 0.078621
0 0.684358 0.493676 0.124669 0.120288
0 0.548942 0.476438 0.141534 0.076389
0 0.400463 0.478547 0.146825 0.078125
0 0.671792 0.389137 0.137235 0.079861
0 0.536045 0.389757 0.134259 0.078621
0 0.396991 0.391865 0.137235 0.080357
0 0.267857 0.455357 0.111772 0.211310
0 0.665509 0.301959 0.137897 0.083085
0 0.547123 0.300843 0.088294 0.076885
0 0.448082 0.297619 0.101852 0.066964
0 0.301753 0.292659 0.164352 0.089286
0 0.672288 0.188864 0.115741 0.099950
0 0.553406 0.190600 0.117394 0.104911
0 0.421131 0.182416 0.137235 0.088046
0 0.277612 0.179812 0.123347 0.075893
0 0.661541 0.097470 0.117394 0.076885
0 0.551587 0.094866 0.085979 0.074157
0 0.456515 0.093750 0.087632 0.074405
0 0.360284 0.093874 0.090278 0.076141
0 0.258598 0.094866 0.091931 0.074653
