0 0.288029 0.877976 0.164021 0.081845
0 0.537202 0.777530 0.137897 0.083333
0 0.407242 0.769221 0.114087 0.099950
0 0.277282 0.786210 0.135913 0.084325
0 0.632771 0.653646 0.114087 0.110367
0 0.447255 0.645213 0.252315 0.081101
0 0.264716 0.673487 0.104167 0.125248
0 0.647156 0.549603 0.159392 0.092262
0 0.479001 0.552083 0.165013 0.092262
0 0.298446 0.555308 0.169643 0.094742
0 0.665013 0.460689 0.143519 0.083085
0 0.474868 0.460069 0.162037 0.075397
0 0.299934 0.463170 0.169312 0.077133
0 0.642692 0.373140 0.160384 0.073165
0 0.472057 0.375124 0.161045 0.074653
0 0.299934 0.377108 0.166005 0.075645
0 0.666171 0.279266 0.110119 0.106151
0 0.500165 0.281746 0.104828 0.099702
0 0.391700 0.280258 0.108135 0.100198
0 0.271825 0.269717 0.123016 0.074157
0 0.637235 0.184152 0.162698 0.074653
0 0.465278 0.183408 0.162698 0.075645
0 0.294312 0.183284 0.167989 0.076389
0 0.730489 0.097718 0.082672 0.072421
0 0.568948 0.092758 0.160384 0.074901
0 0.404597 0.087674 0.165013 0.075149
0 0.260747 0.095734 0.104167 0.092262
