0 0.634425 0.868180 0.106151 0.096974
0 0.521164 0.875124 0.105820 0.093006
0 0.400132 0.879712 0.108466 0.096230
0 0.266204 0.885789 0.111772 0.094990
0 0.256944 0.786334 0.091931 0.078125
0 0.404597 0.776414 0.120701 0.107887
0 0.547619 0.762277 0.150794 0.090030
0 0.660714 0.656622 0.119048 0.103919
0 0.539352 0.658606 0.117725 0.107887
0 0.269841 0.685516 0.122354 0.113591
0 0.416667 0.662202 0.119709 0.108135
0 0.602513 0.558656 0.139550 0.086558
0 0.443948 0.557292 0.166336 0.079365
0 0.268519 0.570312 0.119709 0.110367
0 0.604332 0.471602 0.139881 0.085069
0 0.454200 0.471602 0.140542 0.087550
0 0.289352 0.471230 0.164683 0.080357
0 0.581184 0.383309 0.153108 0.078125
0 0.410218 0.383309 0.160384 0.080605
0 0.258267 0.358383 0.107804 0.127480
0 0.585317 0.291047 0.152778 0.078621
0 0.411045 0.294271 0.165344 0.082589
0 0.725033 0.220114 0.110119 0.105407
0 0.590939 0.203001 0.162698 0.076141
0 0.415344 0.202753 0.170635 0.084573
0 0.256614 0.217262 0.111111 0.114583
0 0.689815 0.106647 0.104497 0.110119
0 0.582672 0.106027 0.103175 0.111359
0 0.474041 0.101687 0.104167 0.113095
0 0.367394 0.098834 0.105820 0.114831
0 0.257440 0.095858 0.112765 0.113343
