0 0.732474 0.944072 0.097884 0.085069
0 0.623181 0.945561 0.101521 0.088542
0 0.513062 0.945561 0.098214 0.088542
0 0.410384 0.947421 0.099868 0.086806
0 0.305060 0.950521 0.100860 0.087550
0 0.196759 0.946801 0.100529 0.089038
0 0.755291 0.860987 0.117725 0.073165
0 0.627811 0.856399 0.120701 0.074901
0 0.495040 0.847470 0.101852 0.088790
0 0.304233 0.805804 0.236111 0.109623
0 0.741237 0.730283 0.092923 0.082093
0 0.628307 0.745908 0.110450 0.132688
0 0.506118 0.743056 0.119378 0.114087
0 0.293485 0.684152 0.195437 0.113839
0 0.666005 0.622892 0.179233 0.100446
0 0.672288 0.526290 0.178571 0.078869
0 0.466931 0.477183 0.096561 0.083829
0 0.340278 0.474454 0.096561 0.083829
0 0.652116 0.439856 0.189153 0.084573
0 0.648975 0.340030 0.166997 0.088294
0 0.460483 0.361979 0.144511 0.142609
0 0.288690 0.375620 0.186508 0.083085
0 0.288194 0.285342 0.186839 0.081597
0 0.769015 0.217014 0.098876 0.085317
0 0.596230 0.218874 0.190476 0.141617
0 0.329200 0.193328 0.275463 0.082093
0 0.637731 0.093130 0.273479 0.082093
0 0.329034 0.088418 0.273810 0.081101
