0 0.735284 0.891617 0.104167 0.065476
0 0.512401 0.899926 0.101521 0.067708
0 0.407738 0.903770 0.102513 0.067460
0 0.296296 0.905878 0.105820 0.064236
0 0.732474 0.803447 0.156085 0.085565
0 0.588459 0.814484 0.120040 0.099702
0 0.461475 0.820685 0.120701 0.098710
0 0.319775 0.816220 0.158069 0.079861
0 0.759921 0.719990 0.085979 0.076885
0 0.667163 0.723834 0.086971 0.077629
0 0.570271 0.726438 0.090278 0.079861
0 0.475694 0.727927 0.087632 0.080853
0 0.379795 0.729787 0.094246 0.080605
0 0.284722 0.732887 0.087302 0.078373
0 0.709987 0.630828 0.101852 0.092510
0 0.502646 0.635665 0.099868 0.091766
0 0.399140 0.635293 0.099868 0.092510
0 0.291667 0.639881 0.098545 0.092758
0 0.730820 0.538566 0.131614 0.081101
0 0.598049 0.541915 0.129299 0.075893
0 0.455522 0.545263 0.147817 0.082589
0 0.305390 0.546875 0.135251 0.079365
0 0.746032 0.450893 0.089286 0.074405
0 0.653439 0.453745 0.084656 0.075645
0 0.561839 0.455357 0.085979 0.073909
0 0.470238 0.456969 0.086640 0.074157
0 0.376984 0.460069 0.086640 0.075893
0 0.283896 0.461310 0.088955 0.075893
0 0.743882 0.374504 0.088294 0.074405
0 0.647817 0.373636 0.085979 0.075149
0 0.560681 0.373512 0.084325 0.073909
0 0.471230 0.373760 0.085317 0.076885
0 0.378968 0.374380 0.087963 0.075645
0 0.285218 0.372644 0.086971 0.075645
0 0.741237 0.289187 0.084325 0.072421
0 0.655919 0.289559 0.085648 0.074157
0 0.572421 0.289435 0.083995 0.074405
0 0.486938 0.288690 0.088294 0.074901
0 0.290509 0.284226 0.102844 0.089782
0 0.690311 0.199653 0.096892 0.086806
0 0.593254 0.197793 0.099206 0.086558
0 0.494048 0.197793 0.099206 0.090526
0 0.392526 0.194940 0.101852 0.089782
0 0.287533 0.194196 0.103505 0.086806
0 0.377976 0.109375 0.092593 0.079861
0 0.281085 0.108383 0.082011 0.071925
