0 0.475694 0.859251 0.286045 0.067708
0 0.659226 0.771081 0.088955 0.077381
0 0.553737 0.771825 0.086971 0.076885
0 0.462798 0.774678 0.084987 0.076141
0 0.277282 0.775050 0.084325 0.076885
0 0.654266 0.660590 0.125992 0.082589
0 0.520833 0.670511 0.118386 0.075149
0 0.398479 0.673859 0.115079 0.074405
0 0.288525 0.681176 0.096892 0.088542
0 0.468915 0.592138 0.115741 0.074157
0 0.317956 0.595238 0.150463 0.075397
0 0.637897 0.554315 0.148810 0.075397
0 0.635582 0.474330 0.149471 0.077133
0 0.494378 0.491319 0.098545 0.111111
0 0.393519 0.488839 0.099868 0.111111
0 0.292328 0.490079 0.102513 0.111111
0 0.689815 0.385665 0.097222 0.087798
0 0.591766 0.385789 0.093585 0.085565
0 0.493221 0.384797 0.094246 0.085069
0 0.394345 0.383557 0.096892 0.085069
0 0.295470 0.383185 0.094246 0.083333
0 0.684854 0.291667 0.094577 0.083829
0 0.590608 0.291295 0.094577 0.083085
0 0.494378 0.291295 0.093254 0.085565
0 0.397156 0.288938 0.094577 0.086806
0 0.294312 0.288690 0.095238 0.083829
0 0.730324 0.196057 0.084325 0.070685
0 0.614583 0.199157 0.140542 0.076885
0 0.466270 0.196305 0.139550 0.078621
0 0.319775 0.195933 0.138228 0.076885
0 0.649140 0.119172 0.145503 0.070685
0 0.529597 0.115947 0.081019 0.069692
0 0.369544 0.113467 0.239087 0.074157
