0 0.758929 0.873140 0.088624 0.076637
0 0.576224 0.889633 0.086971 0.098710
0 0.482308 0.877480 0.087632 0.079365
0 0.386574 0.875992 0.085979 0.078869
0 0.201885 0.880580 0.087632 0.103919
0 0.762070 0.792783 0.084987 0.076141
0 0.580688 0.793031 0.085979 0.079613
0 0.489749 0.793403 0.085979 0.076389
0 0.298446 0.771081 0.086971 0.076389
0 0.204034 0.771949 0.085317 0.076637
0 0.758763 0.706597 0.084987 0.078869
0 0.667328 0.708581 0.085979 0.076885
0 0.577381 0.707217 0.085979 0.076141
0 0.489583 0.706721 0.084325 0.075645
0 0.666171 0.627232 0.084987 0.076389
0 0.578042 0.627728 0.085979 0.073909
0 0.490079 0.625992 0.085317 0.076389
0 0.365906 0.664807 0.143849 0.083085
0 0.219742 0.673611 0.110119 0.099702
0 0.756944 0.543651 0.085979 0.076885
0 0.672454 0.542907 0.081019 0.074901
0 0.588128 0.541419 0.086310 0.074405
0 0.499339 0.541791 0.085317 0.075645
0 0.409226 0.544395 0.084987 0.073413
0 0.218585 0.556672 0.107143 0.117808
0 0.752149 0.453249 0.083664 0.072173
0 0.664352 0.450769 0.085979 0.073165
0 0.573909 0.452381 0.084325 0.073909
0 0.484788 0.450397 0.085979 0.074901
0 0.391865 0.455729 0.083333 0.073165
0 0.300099 0.456969 0.088294 0.074157
0 0.203704 0.455729 0.089286 0.075645
0 0.755952 0.369172 0.084656 0.073661
0 0.668651 0.368056 0.083333 0.073909
0 0.581515 0.368676 0.084325 0.073661
0 0.495866 0.367436 0.084987 0.076141
0 0.402612 0.368428 0.086971 0.075645
0 0.305721 0.369172 0.086971 0.075149
0 0.212632 0.368924 0.085979 0.075645
0 0.749669 0.282986 0.083333 0.074901
0 0.662533 0.281994 0.084325 0.074405
0 0.576058 0.281250 0.085317 0.077381
0 0.488261 0.281126 0.084325 0.076141
0 0.400298 0.279018 0.087632 0.076885
0 0.306713 0.276042 0.088294 0.076885
0 0.213955 0.275298 0.088624 0.074405
0 0.749669 0.203249 0.085317 0.070685
0 0.661045 0.198413 0.089286 0.075397
0 0.517857 0.193204 0.185185 0.091270
0 0.326554 0.187004 0.186177 0.087302
0 0.749669 0.113715 0.082011 0.071181
0 0.661210 0.111979 0.081680 0.072669
0 0.328869 0.096726 0.186177 0.089286
