0 0.634590 0.906870 0.087302 0.079117
0 0.543485 0.908482 0.084325 0.076885
0 0.451058 0.913938 0.085979 0.079861
0 0.354497 0.913070 0.090608 0.079613
0 0.259755 0.912326 0.086971 0.081101
0 0.596230 0.786334 0.103836 0.093006
0 0.442956 0.781374 0.169643 0.080109
0 0.280093 0.803199 0.120370 0.118800
0 0.605159 0.694320 0.159392 0.077133
0 0.422619 0.692212 0.164021 0.076389
0 0.276786 0.696181 0.099868 0.088294
0 0.683201 0.602183 0.117063 0.076389
0 0.544147 0.603671 0.087632 0.076389
0 0.453208 0.605159 0.086971 0.078869
0 0.362434 0.603423 0.085317 0.076885
0 0.270172 0.602927 0.084656 0.076389
0 0.544974 0.524554 0.083333 0.072421
0 0.452712 0.522321 0.083995 0.072917
0 0.365245 0.521701 0.084325 0.072173
0 0.274967 0.520585 0.083664 0.071429
0 0.707507 0.498140 0.104167 0.118304
0 0.561508 0.447297 0.114418 0.075149
0 0.451720 0.443204 0.080026 0.072421
0 0.364583 0.441964 0.083003 0.071429
0 0.279597 0.441964 0.079696 0.072917
0 0.724041 0.368552 0.080357 0.070437
0 0.627149 0.366319 0.081019 0.069940
0 0.545139 0.365079 0.080357 0.071925
0 0.459160 0.362599 0.079696 0.070437
0 0.371528 0.360367 0.083003 0.071925
0 0.282903 0.359747 0.083003 0.073165
0 0.722884 0.287698 0.082011 0.070437
0 0.638889 0.289807 0.078704 0.071181
0 0.543816 0.287078 0.083003 0.069692
0 0.458168 0.286582 0.079696 0.069692
0 0.374504 0.285838 0.081680 0.070685
0 0.289021 0.283482 0.080688 0.070933
0 0.620701 0.212178 0.082672 0.068700
0 0.532242 0.212178 0.077712 0.067708
0 0.448413 0.210193 0.082011 0.071677
0 0.326389 0.207589 0.152778 0.071429
0 0.654597 0.136161 0.153108 0.072917
0 0.489914 0.133929 0.152447 0.072917
0 0.326885 0.130704 0.152447 0.069940
