0 0.700728 0.867436 0.103836 0.108383
0 0.584491 0.864955 0.110119 0.102927
0 0.445271 0.856771 0.142526 0.087054
0 0.300926 0.864707 0.118386 0.107887
0 0.691634 0.765501 0.137235 0.085069
0 0.498512 0.761905 0.159722 0.082341
0 0.325562 0.759921 0.161045 0.083829
0 0.711144 0.648934 0.113426 0.129712
0 0.513558 0.671751 0.171296 0.086558
0 0.334491 0.666915 0.171627 0.083829
0 0.565476 0.544395 0.160053 0.082341
0 0.428075 0.549727 0.104167 0.092510
0 0.311508 0.561632 0.108466 0.118304
0 0.610615 0.461186 0.157077 0.079117
0 0.476521 0.461310 0.091270 0.082341
0 0.338294 0.458085 0.158069 0.080357
0 0.661706 0.371776 0.158730 0.081349
0 0.414352 0.371900 0.307540 0.084573
0 0.664683 0.280258 0.158069 0.079861
0 0.505622 0.281870 0.156746 0.082589
0 0.341435 0.280258 0.155754 0.079365
0 0.713294 0.184648 0.144841 0.084077
0 0.535714 0.187872 0.170635 0.085565
0 0.351190 0.187748 0.171296 0.083829
0 0.746858 0.098214 0.089616 0.081845
0 0.579365 0.096478 0.144841 0.084325
0 0.433862 0.098834 0.144841 0.082093
0 0.313492 0.095486 0.085979 0.076389
