0 0.675926 0.848462 0.086640 0.077381
0 0.553406 0.857887 0.104167 0.096230
0 0.690146 0.767609 0.123016 0.076389
0 0.395172 0.847842 0.124339 0.077133
0 0.522652 0.765873 0.124008 0.076885
0 0.393684 0.764633 0.125331 0.077877
0 0.265046 0.800099 0.129299 0.152282
0 0.692130 0.644097 0.127646 0.149306
0 0.573743 0.670759 0.100529 0.095982
0 0.470569 0.672371 0.098545 0.095238
0 0.365245 0.672619 0.101521 0.094742
0 0.259921 0.671751 0.101852 0.094494
0 0.574074 0.570064 0.099206 0.093006
0 0.470569 0.568824 0.100529 0.093006
0 0.366402 0.569692 0.099868 0.093750
0 0.263889 0.569568 0.098545 0.091518
0 0.694444 0.500868 0.103836 0.123264
0 0.549272 0.481275 0.123677 0.074653
0 0.438327 0.483135 0.084325 0.074901
0 0.345899 0.482267 0.083333 0.071677
0 0.258102 0.482887 0.083664 0.073909
0 0.699074 0.371900 0.098545 0.122272
0 0.545635 0.397693 0.123677 0.073661
0 0.412037 0.399182 0.120370 0.073661
0 0.281250 0.400546 0.124669 0.074901
0 0.573578 0.322917 0.100198 0.064484
0 0.473049 0.322297 0.096230 0.064732
0 0.371032 0.321801 0.098545 0.063244
0 0.266865 0.322917 0.097884 0.063988
0 0.695602 0.262029 0.123347 0.073661
0 0.576885 0.255580 0.098214 0.061756
0 0.476025 0.254712 0.098214 0.062500
0 0.368386 0.254836 0.097222 0.063244
0 0.264881 0.253968 0.098545 0.062996
0 0.704200 0.184896 0.121362 0.073661
0 0.596892 0.185392 0.082011 0.073165
0 0.506779 0.183656 0.083003 0.073165
0 0.426257 0.183532 0.064815 0.071429
0 0.346065 0.185020 0.083003 0.071925
0 0.259921 0.182912 0.082011 0.073165
0 0.697751 0.107515 0.083995 0.073165
0 0.609788 0.107515 0.082672 0.071181
0 0.522817 0.107763 0.083995 0.073661
0 0.439649 0.105779 0.081680 0.071677
0 0.351687 0.104787 0.083003 0.073165
0 0.263228 0.104911 0.082011 0.073413
