0 0.706515 0.876116 0.166336 0.150050
0 0.543816 0.902778 0.151124 0.098214
0 0.406911 0.907490 0.104828 0.099702
0 0.272156 0.908234 0.156746 0.099702
0 0.405589 0.799231 0.108135 0.089038
0 0.270503 0.798735 0.142196 0.090030
0 0.716104 0.709945 0.088294 0.080109
0 0.613757 0.717262 0.087302 0.076885
0 0.521991 0.717758 0.086971 0.079861
0 0.427910 0.718502 0.089947 0.079365
0 0.714616 0.624256 0.088624 0.079861
0 0.619378 0.624256 0.087302 0.078373
0 0.524636 0.624628 0.086971 0.077133
0 0.432044 0.626240 0.085648 0.078869
0 0.291171 0.633805 0.172950 0.094990
0 0.735946 0.533482 0.086310 0.076389
0 0.656581 0.532366 0.065807 0.076637
0 0.552083 0.533234 0.123347 0.077877
0 0.444940 0.531622 0.084325 0.076637
0 0.353009 0.531870 0.088294 0.077133
0 0.255126 0.531250 0.089616 0.078869
0 0.717923 0.448785 0.060185 0.075645
0 0.632440 0.448909 0.085648 0.075397
0 0.538360 0.449405 0.085979 0.074901
0 0.454530 0.449281 0.086310 0.076637
0 0.359127 0.449033 0.087302 0.078621
0 0.260913 0.447049 0.093254 0.079613
0 0.697421 0.365947 0.062831 0.081101
0 0.621693 0.367684 0.056878 0.076141
0 0.548446 0.365947 0.086310 0.078125
0 0.417163 0.364211 0.169643 0.079613
0 0.273148 0.359375 0.103836 0.066468
0 0.723710 0.277778 0.060516 0.076389
0 0.612434 0.277034 0.164021 0.074901
0 0.442295 0.277530 0.166336 0.078869
0 0.291005 0.276042 0.126984 0.077381
0 0.736607 0.135913 0.125992 0.106647
0 0.551422 0.195809 0.125331 0.073165
0 0.419643 0.193328 0.127646 0.076141
0 0.288360 0.190972 0.126323 0.076389
0 0.585483 0.106895 0.122685 0.075397
0 0.375496 0.106399 0.297950 0.104167
