0 0.737930 0.849950 0.086971 0.078373
0 0.628968 0.868924 0.108466 0.119792
0 0.508267 0.871652 0.107143 0.123760
0 0.390542 0.873140 0.108466 0.124752
0 0.269015 0.876240 0.110780 0.124504
0 0.666501 0.765501 0.155093 0.083581
0 0.495536 0.764881 0.160384 0.084325
0 0.362930 0.765501 0.090939 0.079117
0 0.262731 0.767609 0.090939 0.079365
0 0.733962 0.676835 0.090939 0.078869
0 0.639220 0.675719 0.088624 0.079117
0 0.542493 0.676215 0.090278 0.080605
0 0.447751 0.676587 0.088624 0.079365
0 0.306713 0.678075 0.177579 0.079365
0 0.736607 0.589906 0.087632 0.078621
0 0.641700 0.590402 0.086971 0.077629
0 0.543485 0.588418 0.088294 0.076637
0 0.401951 0.588294 0.174934 0.078869
0 0.261739 0.590402 0.092923 0.078125
0 0.736772 0.506572 0.087302 0.077133
0 0.644676 0.506076 0.087632 0.077629
0 0.550926 0.506572 0.087302 0.077133
0 0.458995 0.505208 0.087963 0.077877
0 0.364253 0.505580 0.088294 0.078621
0 0.266865 0.505580 0.090608 0.078621
0 0.737269 0.422495 0.088955 0.076637
0 0.642361 0.423239 0.086310 0.076141
0 0.549934 0.423983 0.088624 0.076141
0 0.458003 0.422495 0.089286 0.076141
0 0.364749 0.421379 0.089286 0.076885
0 0.267526 0.421255 0.093915 0.080109
0 0.741898 0.342634 0.088294 0.075645
0 0.645503 0.341518 0.088624 0.075397
0 0.554563 0.340650 0.085979 0.076141
0 0.464286 0.339906 0.087963 0.077133
0 0.369213 0.337922 0.089616 0.078125
0 0.270833 0.338914 0.091270 0.076637
0 0.744048 0.263517 0.090608 0.077133
0 0.648810 0.261781 0.086640 0.076637
0 0.557540 0.262773 0.087302 0.079117
0 0.464616 0.261657 0.087302 0.075893
0 0.367890 0.257564 0.086310 0.078125
0 0.273810 0.256200 0.088624 0.075893
0 0.742229 0.181920 0.085648 0.073661
0 0.641369 0.180680 0.084325 0.073165
0 0.555556 0.181300 0.086640 0.074901
0 0.466104 0.179688 0.088955 0.075149
0 0.374173 0.177207 0.088955 0.081597
0 0.277612 0.176587 0.087632 0.078869
0 0.739583 0.103671 0.086310 0.072421
0 0.652282 0.106151 0.084325 0.073909
0 0.558201 0.101811 0.085317 0.076141
0 0.466601 0.100198 0.089286 0.077877
0 0.373512 0.096106 0.086971 0.076141
0 0.280258 0.094370 0.088294 0.076141
