0 0.692295 0.941096 0.100198 0.087550
0 0.696594 0.844370 0.114087 0.096974
0 0.525132 0.845610 0.144180 0.142113
0 0.354332 0.941716 0.098214 0.083333
0 0.235615 0.941840 0.094907 0.077133
0 0.356647 0.836186 0.113426 0.112847
0 0.239914 0.836558 0.114749 0.112599
0 0.551422 0.701761 0.186177 0.140625
0 0.403604 0.644717 0.187500 0.140625
0 0.710648 0.737847 0.132275 0.085813
0 0.244544 0.713914 0.131944 0.116815
0 0.693948 0.586682 0.131944 0.142609
0 0.511078 0.548611 0.184854 0.138889
0 0.293320 0.541543 0.240741 0.179315
0 0.293155 0.357267 0.242394 0.182292
0 0.689649 0.436260 0.117394 0.127976
0 0.484623 0.418651 0.172288 0.099206
0 0.664352 0.300347 0.182540 0.084325
0 0.430721 0.255952 0.247024 0.181052
0 0.554398 0.136657 0.243056 0.180556
0 0.286210 0.141493 0.245040 0.180804
