0 0.659722 0.892733 0.113095 0.109375
0 0.468254 0.893353 0.169312 0.092262
0 0.285549 0.898438 0.174272 0.090030
0 0.644015 0.793775 0.161706 0.084077
0 0.469577 0.795387 0.169312 0.089782
0 0.290013 0.799107 0.171296 0.087302
0 0.627976 0.669023 0.108466 0.114335
0 0.515708 0.670883 0.112765 0.117560
0 0.402116 0.672867 0.109788 0.116567
0 0.275298 0.680060 0.130622 0.129960
0 0.658234 0.566840 0.086971 0.074653
0 0.566799 0.566220 0.086640 0.075397
0 0.478175 0.566096 0.085979 0.074653
0 0.383598 0.569692 0.095899 0.086806
0 0.722718 0.486359 0.081680 0.073413
0 0.637401 0.484375 0.083003 0.072421
0 0.552414 0.484251 0.084325 0.075149
0 0.465774 0.482763 0.083664 0.075149
0 0.374504 0.481399 0.084325 0.075893
0 0.274967 0.507316 0.112765 0.129712
0 0.642692 0.398313 0.161706 0.080357
0 0.495040 0.395957 0.122354 0.079117
0 0.378142 0.394717 0.096892 0.080109
0 0.275959 0.391493 0.101521 0.081597
0 0.725529 0.309648 0.105820 0.111359
0 0.612434 0.307044 0.115741 0.106151
0 0.496858 0.300223 0.112765 0.100942
0 0.390046 0.298611 0.094246 0.100694
0 0.283234 0.293403 0.109458 0.096726
0 0.744048 0.203621 0.082011 0.078869
0 0.632771 0.197669 0.114749 0.075893
0 0.484788 0.190972 0.161376 0.079861
0 0.309854 0.192460 0.154101 0.095238
0 0.741402 0.109499 0.082672 0.074157
0 0.607143 0.105283 0.147487 0.082093
0 0.446759 0.100818 0.148810 0.084077
0 0.297454 0.096478 0.121362 0.081845
