0 0.690807 0.853795 0.135582 0.088046
0 0.566138 0.854167 0.113757 0.100198
0 0.437169 0.857391 0.115741 0.101687
0 0.303075 0.857763 0.116733 0.102431
0 0.707837 0.753100 0.110780 0.101935
0 0.580522 0.743800 0.090278 0.082837
0 0.485450 0.747892 0.091931 0.082589
0 0.386905 0.750620 0.089947 0.082093
0 0.289848 0.749132 0.090939 0.081597
0 0.698082 0.657366 0.130291 0.086062
0 0.574239 0.654390 0.089616 0.079613
0 0.478009 0.657862 0.087632 0.080605
0 0.384094 0.660342 0.090278 0.082093
0 0.287533 0.660466 0.084987 0.080853
0 0.730820 0.570561 0.088624 0.078621
0 0.638558 0.570685 0.087963 0.078869
0 0.505126 0.571057 0.168320 0.077133
0 0.330192 0.574653 0.170966 0.078869
0 0.693948 0.488839 0.131283 0.081349
0 0.568287 0.483879 0.087632 0.077877
0 0.477844 0.483507 0.087302 0.079117
0 0.385582 0.481275 0.085317 0.079613
0 0.292493 0.483011 0.090939 0.081597
0 0.692626 0.402778 0.128638 0.082837
0 0.567460 0.401042 0.085317 0.076389
0 0.476521 0.399678 0.087302 0.078621
0 0.385582 0.397321 0.087302 0.078373
0 0.290179 0.395833 0.088294 0.077381
0 0.746693 0.310020 0.087963 0.076389
0 0.659557 0.313244 0.084325 0.075893
0 0.565972 0.314236 0.086310 0.077877
0 0.476190 0.312996 0.086640 0.078869
0 0.383267 0.310764 0.086640 0.079365
0 0.291997 0.311508 0.088624 0.077877
0 0.717262 0.218502 0.087302 0.073413
0 0.617890 0.219370 0.085648 0.076637
0 0.521329 0.216022 0.087632 0.078869
0 0.424769 0.212054 0.086310 0.078373
0 0.305060 0.218130 0.109458 0.095982
0 0.760747 0.117684 0.087632 0.073661
0 0.638558 0.124504 0.107804 0.091270
0 0.528108 0.121652 0.103175 0.094990
0 0.417328 0.116443 0.103836 0.095982
0 0.305556 0.114831 0.108466 0.094246
