0 0.709821 0.810392 0.147156 0.075645
0 0.544312 0.813120 0.145503 0.077629
0 0.413690 0.820437 0.100529 0.088790
0 0.303406 0.827133 0.111442 0.099206
0 0.751984 0.712674 0.089286 0.077629
0 0.666832 0.716022 0.084325 0.070933
0 0.545966 0.714782 0.144180 0.076885
0 0.427083 0.718750 0.087632 0.078869
0 0.313657 0.724950 0.132606 0.084821
0 0.754299 0.608383 0.089286 0.076885
0 0.656085 0.619420 0.112434 0.098958
0 0.535218 0.620040 0.109458 0.098214
0 0.417824 0.621900 0.110780 0.100446
0 0.300430 0.624380 0.110780 0.100446
0 0.728671 0.516121 0.104167 0.066468
0 0.597718 0.522321 0.146495 0.079861
0 0.476356 0.522073 0.087632 0.075397
0 0.385086 0.522197 0.088294 0.078125
0 0.291171 0.525050 0.090939 0.079365
0 0.749669 0.436880 0.089947 0.077629
0 0.656085 0.437128 0.085979 0.076637
0 0.566303 0.438740 0.088294 0.077381
0 0.475529 0.438616 0.085979 0.075149
0 0.382275 0.438616 0.089286 0.076141
0 0.290344 0.439360 0.089286 0.076141
0 0.748843 0.350322 0.084987 0.075645
0 0.656746 0.352555 0.087302 0.076141
0 0.562996 0.352431 0.086971 0.077381
0 0.473214 0.355407 0.089286 0.076389
0 0.381614 0.352679 0.087302 0.076885
0 0.293981 0.352431 0.091931 0.077381
0 0.750661 0.271577 0.088624 0.074405
0 0.655093 0.271329 0.087963 0.074901
0 0.559854 0.271081 0.086640 0.076389
0 0.469907 0.271329 0.086640 0.076885
0 0.379299 0.270585 0.089286 0.078373
0 0.291336 0.271825 0.087963 0.076885
0 0.754299 0.192460 0.085317 0.077877
0 0.660384 0.192460 0.086640 0.075893
0 0.565807 0.189484 0.086640 0.075893
0 0.474537 0.190724 0.086640 0.076389
0 0.378968 0.181548 0.088624 0.073909
0 0.288360 0.185020 0.087302 0.074901
0 0.759921 0.107391 0.088624 0.072421
0 0.664021 0.111607 0.093915 0.079861
0 0.569775 0.110863 0.087963 0.075397
0 0.475860 0.109375 0.095899 0.080357
0 0.380622 0.105407 0.085317 0.076389
0 0.288360 0.103919 0.088624 0.075397
