0 0.659888 0.871652 0.088955 0.076637
0 0.567295 0.874504 0.085648 0.077381
0 0.470073 0.878844 0.091601 0.080109
0 0.373181 0.878844 0.090939 0.080109
0 0.277778 0.880952 0.089286 0.081845
0 0.714451 0.780506 0.087632 0.075397
0 0.605655 0.785838 0.103505 0.091022
0 0.499173 0.786210 0.103505 0.091766
0 0.390377 0.788318 0.102183 0.090030
0 0.282903 0.788070 0.106151 0.090526
0 0.699901 0.690476 0.126653 0.081349
0 0.567295 0.692584 0.122685 0.082093
0 0.454034 0.693204 0.085979 0.080853
0 0.367560 0.693576 0.086971 0.082589
0 0.275132 0.696677 0.088624 0.081349
0 0.741402 0.603299 0.108466 0.067212
0 0.626653 0.578621 0.109127 0.111607
0 0.514385 0.580233 0.107474 0.110367
0 0.402447 0.582837 0.105159 0.109127
0 0.286541 0.589410 0.108135 0.122272
0 0.742725 0.525050 0.092593 0.079365
0 0.737434 0.443700 0.092593 0.078869
0 0.605324 0.447049 0.163690 0.079613
0 0.439484 0.450769 0.156085 0.089534
0 0.292493 0.465650 0.123347 0.114335
0 0.677910 0.337550 0.122354 0.116071
0 0.544974 0.337302 0.121032 0.116567
0 0.418816 0.336062 0.123347 0.117560
0 0.291667 0.336806 0.123016 0.116567
0 0.739914 0.197669 0.087632 0.074405
0 0.651951 0.198413 0.086971 0.073413
0 0.532903 0.199033 0.139881 0.075645
0 0.405258 0.211806 0.105489 0.107143
0 0.285714 0.210317 0.118386 0.104167
0 0.727679 0.099082 0.107474 0.102927
0 0.617229 0.097842 0.104828 0.102927
0 0.507275 0.097966 0.106481 0.103175
0 0.396164 0.097594 0.103836 0.102431
0 0.284226 0.099206 0.106812 0.106647
