0 0.590112 0.887649 0.133929 0.081845
0 0.269676 0.885293 0.133267 0.082093
0 0.692791 0.792039 0.108466 0.098462
0 0.575397 0.794643 0.109788 0.097222
0 0.444444 0.808904 0.134259 0.123264
0 0.270833 0.773313 0.135582 0.121528
0 0.698578 0.654514 0.093585 0.082341
0 0.586310 0.673735 0.134921 0.124752
0 0.446759 0.676339 0.132275 0.124504
0 0.287864 0.624256 0.172950 0.166171
0 0.616898 0.572297 0.129960 0.079117
0 0.711475 0.477927 0.090939 0.086806
0 0.597388 0.483011 0.108796 0.096478
0 0.459325 0.541543 0.168651 0.123264
0 0.452712 0.421875 0.158730 0.098710
0 0.278935 0.454861 0.166997 0.160714
0 0.706845 0.377232 0.108135 0.096230
0 0.597718 0.379464 0.104828 0.094246
0 0.475198 0.328249 0.128968 0.078621
0 0.342262 0.328869 0.129630 0.079861
0 0.239087 0.330233 0.080026 0.081101
0 0.669974 0.282986 0.079365 0.073909
0 0.580688 0.285962 0.079365 0.076885
0 0.670966 0.198413 0.079365 0.073413
0 0.581680 0.199033 0.078042 0.074653
0 0.475529 0.223090 0.121693 0.125248
0 0.302249 0.234623 0.208333 0.097222
0 0.646660 0.106647 0.206019 0.093254
0 0.435351 0.107267 0.204696 0.094494
0 0.260913 0.117560 0.122354 0.123512
