0 0.734623 0.888021 0.108135 0.070188
0 0.622189 0.893105 0.108135 0.069940
0 0.505787 0.894593 0.110780 0.070437
0 0.394345 0.898562 0.108796 0.071429
0 0.272817 0.897941 0.107143 0.070188
0 0.732970 0.813368 0.108135 0.069196
0 0.618056 0.815972 0.106481 0.069444
0 0.502149 0.818328 0.106812 0.071677
0 0.387897 0.820188 0.109127 0.070933
0 0.273644 0.820561 0.106151 0.070188
0 0.729663 0.735367 0.111442 0.070933
0 0.616402 0.739583 0.106481 0.069444
0 0.500165 0.740947 0.106151 0.070685
0 0.390873 0.744172 0.105820 0.070685
0 0.272321 0.745412 0.108135 0.070685
0 0.729497 0.659474 0.109788 0.069940
0 0.615079 0.660962 0.107143 0.069444
0 0.499339 0.663070 0.107143 0.071181
0 0.385251 0.665055 0.107804 0.071181
0 0.268684 0.669395 0.108796 0.069940
0 0.721726 0.584697 0.107474 0.069196
0 0.610119 0.586930 0.107804 0.070188
0 0.499835 0.590278 0.103505 0.067956
0 0.385913 0.593006 0.105820 0.068948
0 0.267857 0.593006 0.107143 0.068948
0 0.737269 0.503348 0.094246 0.080605
0 0.610615 0.506572 0.149802 0.080605
0 0.454200 0.508681 0.149802 0.082341
0 0.292659 0.510789 0.154101 0.080605
0 0.726687 0.395833 0.110780 0.101190
0 0.615410 0.404266 0.108466 0.114087
0 0.500827 0.406250 0.110780 0.111607
0 0.385417 0.401786 0.110780 0.100198
0 0.268188 0.407366 0.113095 0.112847
0 0.724041 0.303943 0.090939 0.078125
0 0.596065 0.303571 0.149140 0.079861
0 0.444775 0.303199 0.150132 0.081597
0 0.286872 0.302579 0.155093 0.081845
0 0.728009 0.212922 0.104828 0.065228
0 0.615245 0.213914 0.107474 0.066716
0 0.460813 0.211682 0.151124 0.078621
0 0.267692 0.207093 0.107474 0.093254
0 0.715112 0.103795 0.106151 0.091022
0 0.608962 0.105159 0.104828 0.089782
0 0.495536 0.103299 0.104828 0.092510
0 0.384755 0.101438 0.104828 0.092262
0 0.267526 0.102307 0.106481 0.093006
