0 0.598380 0.830481 0.252976 0.195188
0 0.347388 0.870288 0.094246 0.089286
0 0.240245 0.871280 0.093585 0.089782
0 0.435681 0.774306 0.092262 0.081845
0 0.341104 0.775050 0.093585 0.081845
0 0.239749 0.778398 0.092593 0.083581
0 0.729167 0.681796 0.094577 0.081349
0 0.635747 0.682292 0.090939 0.079861
0 0.541171 0.684648 0.091601 0.083085
0 0.442295 0.686136 0.092923 0.083581
0 0.341601 0.688864 0.092593 0.082093
0 0.239749 0.690104 0.092593 0.081597
0 0.726687 0.593874 0.092923 0.080605
0 0.634921 0.593130 0.092593 0.081101
0 0.539021 0.594618 0.090608 0.080605
0 0.441799 0.596974 0.093254 0.079365
0 0.345073 0.599578 0.090278 0.080605
0 0.245205 0.602431 0.094907 0.081349
0 0.693948 0.518973 0.134590 0.067212
0 0.689319 0.443824 0.133929 0.068204
0 0.547784 0.465402 0.123347 0.109871
0 0.411706 0.482391 0.136905 0.133929
0 0.265873 0.482515 0.139550 0.132688
0 0.719742 0.333333 0.110119 0.101190
0 0.594907 0.335813 0.109788 0.113591
0 0.475529 0.334821 0.109127 0.114087
0 0.365741 0.334201 0.109788 0.114335
0 0.247189 0.344742 0.109458 0.132937
0 0.719246 0.234623 0.089286 0.076389
0 0.591601 0.234747 0.151455 0.081101
0 0.434854 0.229415 0.150132 0.080853
0 0.271991 0.230035 0.153770 0.082093
0 0.703704 0.154886 0.092593 0.075645
0 0.604663 0.154886 0.091601 0.075645
0 0.487765 0.148686 0.103836 0.065724
0 0.362434 0.147941 0.106481 0.067708
0 0.248512 0.146949 0.106812 0.069196
0 0.707837 0.080977 0.104167 0.065228
0 0.595403 0.078621 0.104167 0.064484
0 0.479993 0.075273 0.106812 0.066220
0 0.361276 0.073165 0.105489 0.068452
0 0.247851 0.070437 0.107474 0.071429
