0 0.646991 0.729043 0.094246 0.079613
0 0.546296 0.731895 0.089947 0.079861
0 0.641865 0.813616 0.093915 0.078621
0 0.545635 0.816840 0.093254 0.077629
0 0.453208 0.819196 0.090939 0.079861
0 0.356978 0.821057 0.093585 0.077629
0 0.243386 0.862351 0.095899 0.078373
0 0.238757 0.776662 0.095238 0.081101
0 0.455357 0.734127 0.093254 0.081845
0 0.358796 0.737847 0.091931 0.079365
0 0.541997 0.645709 0.089286 0.078621
0 0.451720 0.648810 0.091270 0.079861
0 0.354497 0.649182 0.089947 0.078125
0 0.246693 0.664311 0.111111 0.119792
0 0.659722 0.626116 0.109788 0.115327
0 0.523313 0.564980 0.124669 0.076885
0 0.387070 0.566344 0.127315 0.077629
0 0.256118 0.569196 0.124669 0.073413
0 0.659888 0.522073 0.153770 0.078373
0 0.657573 0.446305 0.109458 0.068204
0 0.520999 0.461062 0.120701 0.103671
0 0.388062 0.461682 0.137235 0.093502
0 0.252976 0.470362 0.116402 0.110863
0 0.702216 0.323289 0.086310 0.076141
0 0.599868 0.340898 0.112434 0.110367
0 0.482970 0.343130 0.114087 0.110863
0 0.364914 0.344494 0.116071 0.111111
0 0.246197 0.350570 0.103505 0.124752
0 0.698578 0.240575 0.086971 0.075893
0 0.609623 0.240203 0.084325 0.075149
0 0.520337 0.241195 0.086310 0.075645
0 0.425265 0.239335 0.089286 0.075893
0 0.331515 0.240327 0.086971 0.077381
0 0.237930 0.245288 0.090278 0.078869
0 0.699239 0.153770 0.086971 0.075397
0 0.608135 0.155258 0.085979 0.073909
0 0.520172 0.158110 0.089286 0.074653
0 0.426918 0.158110 0.087302 0.075645
0 0.334491 0.159350 0.087632 0.075645
0 0.241567 0.158978 0.087632 0.076389
0 0.624173 0.074157 0.103505 0.066468
0 0.520007 0.079737 0.088294 0.076141
0 0.427910 0.077505 0.089286 0.077133
0 0.333168 0.076389 0.088294 0.076885
0 0.236772 0.078001 0.087963 0.075645
