0 0.333995 0.899306 0.087302 0.076389
0 0.241898 0.900422 0.088294 0.076141
0 0.661210 0.818824 0.124008 0.073165
0 0.526786 0.819320 0.125661 0.076141
0 0.396660 0.822049 0.124008 0.075645
0 0.260747 0.823909 0.127976 0.075893
0 0.684193 0.732267 0.101852 0.095486
0 0.577546 0.731523 0.101521 0.096974
0 0.462963 0.733383 0.102513 0.098214
0 0.355489 0.736111 0.103836 0.093750
0 0.245040 0.728423 0.088624 0.076885
0 0.708333 0.642237 0.089286 0.080605
0 0.620866 0.642361 0.085648 0.075893
0 0.530919 0.641493 0.084325 0.075149
0 0.441964 0.642361 0.084987 0.075397
0 0.348380 0.645089 0.088294 0.077381
0 0.247685 0.644469 0.087963 0.076141
0 0.702877 0.559524 0.084325 0.077381
0 0.614583 0.560640 0.083664 0.075645
0 0.526290 0.558408 0.083664 0.076141
0 0.434854 0.559028 0.085979 0.076389
0 0.343750 0.560144 0.087632 0.076141
0 0.249008 0.562376 0.092593 0.076637
0 0.698743 0.481647 0.082672 0.074405
0 0.610946 0.481647 0.084325 0.074405
0 0.520337 0.480903 0.083664 0.074901
0 0.433366 0.479787 0.084325 0.073165
0 0.339120 0.477059 0.087632 0.076141
0 0.245866 0.476811 0.084987 0.075645
0 0.701720 0.401042 0.085979 0.076885
0 0.612103 0.401166 0.085317 0.074653
0 0.519511 0.398686 0.082011 0.074653
0 0.430225 0.397197 0.085317 0.075149
0 0.341435 0.396825 0.084325 0.075397
0 0.249008 0.395585 0.089286 0.076885
0 0.695437 0.318700 0.085979 0.075397
0 0.607143 0.318948 0.083333 0.073909
0 0.518353 0.320809 0.084325 0.075149
0 0.428406 0.318824 0.084325 0.075645
0 0.335813 0.317460 0.084325 0.078373
0 0.245536 0.314980 0.086310 0.075893
0 0.698247 0.244544 0.084987 0.074901
0 0.608135 0.243304 0.086640 0.074901
0 0.518353 0.242808 0.081019 0.074901
0 0.428241 0.239583 0.083995 0.076389
0 0.340443 0.240327 0.087632 0.076389
0 0.245866 0.238095 0.083664 0.075397
0 0.701554 0.162946 0.080357 0.071925
0 0.609127 0.165179 0.082672 0.072421
0 0.521495 0.162698 0.079365 0.074901
0 0.432044 0.159474 0.081680 0.074405
0 0.343585 0.157986 0.085317 0.079365
0 0.250661 0.156870 0.085979 0.079613
0 0.699239 0.085813 0.084325 0.073909
0 0.612930 0.085565 0.081680 0.072917
0 0.525794 0.082465 0.084656 0.075645
0 0.436177 0.078745 0.085317 0.079613
0 0.346892 0.075025 0.089947 0.078125
0 0.254960 0.073785 0.086640 0.075645
