0 0.616237 0.871776 0.084987 0.076885
0 0.524967 0.876364 0.086310 0.077629
0 0.430721 0.877976 0.088955 0.076885
0 0.244378 0.883433 0.091931 0.076885
0 0.699901 0.776414 0.088294 0.075149
0 0.610119 0.778026 0.087302 0.075893
0 0.516038 0.779266 0.087632 0.077877
0 0.425265 0.779514 0.089947 0.076389
0 0.285714 0.791667 0.172619 0.095238
0 0.646495 0.683656 0.167328 0.095982
0 0.465939 0.689484 0.166005 0.095238
0 0.286045 0.693080 0.170635 0.095486
0 0.643188 0.581845 0.167328 0.092262
0 0.282738 0.595486 0.173280 0.093750
0 0.750000 0.490451 0.085979 0.077133
0 0.662202 0.492312 0.085648 0.075397
0 0.534392 0.495908 0.125000 0.078125
0 0.393519 0.495164 0.128968 0.075149
0 0.260417 0.499752 0.135913 0.077877
0 0.669643 0.410838 0.126984 0.073661
0 0.532903 0.410094 0.124669 0.076141
0 0.397652 0.413194 0.132606 0.077381
0 0.259921 0.415799 0.136243 0.076141
0 0.718750 0.323413 0.093585 0.074901
0 0.625000 0.326389 0.091270 0.074901
0 0.531581 0.328001 0.094246 0.074653
0 0.435681 0.328373 0.094246 0.077381
0 0.336475 0.328001 0.099537 0.078125
0 0.234954 0.328373 0.097553 0.077381
0 0.722222 0.243056 0.095238 0.075397
0 0.625165 0.243800 0.094246 0.074405
0 0.526290 0.244916 0.093585 0.076637
0 0.427414 0.243552 0.095569 0.076885
0 0.332507 0.242188 0.097553 0.077629
0 0.231316 0.243676 0.094246 0.076637
0 0.710979 0.163442 0.091270 0.076389
0 0.616237 0.166295 0.091601 0.075645
0 0.517526 0.163442 0.093915 0.077381
0 0.421296 0.158110 0.095238 0.078125
0 0.324901 0.158358 0.094246 0.078621
0 0.227348 0.158234 0.092262 0.076885
0 0.699901 0.083457 0.091601 0.075149
0 0.608796 0.083953 0.086640 0.076141
0 0.519015 0.081845 0.087632 0.076885
0 0.422784 0.076265 0.090278 0.079613
0 0.327050 0.073661 0.093254 0.081845
0 0.227679 0.072173 0.093585 0.077381
