0 0.256779 0.843254 0.103505 0.099206
0 0.613757 0.736607 0.085317 0.075893
0 0.524140 0.740327 0.085979 0.076885
0 0.428571 0.744544 0.086640 0.076885
0 0.293485 0.747148 0.171627 0.078125
0 0.699901 0.654390 0.084987 0.076141
0 0.611607 0.654638 0.084325 0.075645
0 0.522156 0.656002 0.089947 0.079365
0 0.427083 0.658358 0.086971 0.078125
0 0.337632 0.663318 0.083333 0.078125
0 0.245866 0.665799 0.090278 0.078125
0 0.702712 0.566964 0.084656 0.073909
0 0.608962 0.570312 0.084987 0.075645
0 0.518849 0.572049 0.086640 0.076141
0 0.428406 0.573537 0.087632 0.074653
0 0.335648 0.576265 0.087302 0.076141
0 0.244213 0.578993 0.090278 0.075645
0 0.694775 0.484251 0.083333 0.073165
0 0.607804 0.485119 0.085979 0.073909
0 0.516534 0.487971 0.085979 0.072173
0 0.426422 0.490823 0.087632 0.074901
0 0.332341 0.492932 0.090608 0.075645
0 0.240741 0.493800 0.089286 0.074901
0 0.697255 0.403274 0.083664 0.073909
0 0.608466 0.406498 0.083995 0.072421
0 0.515377 0.407242 0.086971 0.074405
0 0.427414 0.407738 0.085648 0.073909
0 0.334325 0.407862 0.089947 0.075645
0 0.239583 0.408730 0.087632 0.076885
0 0.699405 0.323041 0.085979 0.075645
0 0.608631 0.326141 0.084325 0.073413
0 0.516700 0.324281 0.084325 0.074653
0 0.425761 0.324529 0.087632 0.073661
0 0.333168 0.324281 0.089616 0.077133
0 0.237434 0.324405 0.089286 0.076885
0 0.696594 0.243304 0.083664 0.071429
0 0.607639 0.244916 0.084325 0.073165
0 0.519676 0.245288 0.084987 0.073909
0 0.425926 0.244668 0.085979 0.076141
0 0.331349 0.240699 0.089286 0.075645
0 0.236607 0.241815 0.087632 0.075893
0 0.696429 0.169271 0.083333 0.070685
0 0.606647 0.168651 0.084325 0.070933
0 0.516700 0.164807 0.085648 0.073165
0 0.428571 0.163814 0.086640 0.073165
0 0.333499 0.160466 0.088294 0.074405
0 0.236938 0.158730 0.084987 0.075397
0 0.693122 0.092014 0.082011 0.073909
0 0.607143 0.090526 0.083333 0.073413
0 0.515212 0.087674 0.085979 0.075149
0 0.424769 0.082837 0.084325 0.077381
0 0.332011 0.077877 0.086640 0.077381
0 0.237103 0.076637 0.089286 0.077381
