0 0.666171 0.878720 0.092262 0.082341
0 0.564815 0.885665 0.088624 0.081349
0 0.469411 0.890873 0.090939 0.085813
0 0.368717 0.895461 0.095899 0.086062
0 0.266865 0.898313 0.094577 0.082837
0 0.669147 0.791171 0.088294 0.081845
0 0.570271 0.793899 0.090939 0.081349
0 0.473545 0.798859 0.092593 0.084821
0 0.371197 0.804191 0.094246 0.083085
0 0.268519 0.807788 0.093915 0.082837
0 0.663029 0.705729 0.089286 0.081101
0 0.569940 0.709449 0.090278 0.081101
0 0.473876 0.711062 0.089947 0.082837
0 0.375165 0.716146 0.092923 0.083085
0 0.266865 0.720362 0.095899 0.083085
0 0.678075 0.623140 0.134590 0.085565
0 0.557044 0.624380 0.090939 0.080605
0 0.460813 0.624628 0.090278 0.082589
0 0.367229 0.628224 0.093585 0.084325
0 0.267692 0.632068 0.097553 0.085069
0 0.730489 0.536210 0.092593 0.079365
0 0.636905 0.538814 0.091931 0.079613
0 0.546958 0.538814 0.089286 0.078125
0 0.454861 0.540303 0.090278 0.080109
0 0.362269 0.544891 0.093585 0.081845
0 0.264054 0.545263 0.094907 0.081101
0 0.729993 0.444568 0.090939 0.078125
0 0.635582 0.446429 0.091270 0.080357
0 0.543485 0.447917 0.091601 0.078869
0 0.454034 0.450521 0.091931 0.077629
0 0.360780 0.450397 0.093254 0.079861
0 0.261574 0.453249 0.095238 0.082093
0 0.727017 0.357763 0.091601 0.078125
0 0.633598 0.362103 0.091931 0.077877
0 0.542824 0.362103 0.090939 0.079365
0 0.449239 0.363095 0.088294 0.078869
0 0.355820 0.363715 0.093254 0.080109
0 0.260747 0.363715 0.094907 0.081101
0 0.723710 0.268477 0.091601 0.078125
0 0.632275 0.273065 0.092593 0.078869
0 0.540840 0.271577 0.091601 0.078373
0 0.448578 0.273438 0.090939 0.080605
0 0.354663 0.273189 0.094246 0.080109
0 0.256448 0.273686 0.091601 0.080109
0 0.723049 0.186384 0.090939 0.076141
0 0.633763 0.186384 0.090939 0.077629
0 0.544974 0.185392 0.089947 0.077133
0 0.454200 0.185268 0.090278 0.079365
0 0.360284 0.185144 0.092262 0.081101
0 0.261574 0.186384 0.095238 0.080109
0 0.721892 0.102555 0.088624 0.075149
0 0.632606 0.105159 0.089947 0.074901
0 0.540344 0.102059 0.089286 0.077629
0 0.450893 0.100818 0.091601 0.078621
0 0.353671 0.098586 0.092923 0.080605
0 0.256944 0.098710 0.094577 0.079365
