0 0.679398 0.882192 0.100860 0.089286
0 0.569114 0.885665 0.103175 0.087302
0 0.462467 0.891245 0.103505 0.091022
0 0.358796 0.895461 0.102513 0.090030
0 0.249504 0.898313 0.104167 0.090278
0 0.661541 0.791047 0.103505 0.087054
0 0.544312 0.796875 0.101852 0.088790
0 0.444114 0.797867 0.103175 0.090774
0 0.341270 0.799231 0.090608 0.080605
0 0.241898 0.803199 0.094246 0.078621
0 0.695437 0.693452 0.089947 0.077381
0 0.579530 0.698413 0.094246 0.087302
0 0.470569 0.704737 0.103175 0.095486
0 0.359458 0.705853 0.104497 0.096230
0 0.247354 0.711434 0.109788 0.098462
0 0.687665 0.601687 0.105489 0.091270
0 0.580192 0.602307 0.102183 0.091022
0 0.474372 0.603671 0.104167 0.092262
0 0.362765 0.607639 0.105820 0.092758
0 0.246197 0.610119 0.106151 0.093254
0 0.685516 0.510293 0.101852 0.088046
0 0.581019 0.509673 0.100529 0.090278
0 0.475364 0.508061 0.100860 0.090030
0 0.370536 0.511905 0.101521 0.087302
0 0.247024 0.482887 0.117063 0.124008
0 0.650463 0.424727 0.158730 0.079117
0 0.249008 0.379960 0.123016 0.076885
0 0.251984 0.295263 0.133598 0.083085
0 0.695437 0.182044 0.099868 0.061508
0 0.560681 0.183408 0.161045 0.080605
0 0.392526 0.179191 0.162037 0.088046
0 0.243882 0.192088 0.120701 0.117808
0 0.642361 0.100694 0.157077 0.081349
0 0.479993 0.094494 0.157077 0.088790
0 0.343915 0.088294 0.105820 0.092262
0 0.232308 0.083829 0.092262 0.079365
0 0.618221 0.261409 0.204034 0.078373
0 0.417328 0.262773 0.218915 0.084573
0 0.430060 0.341766 0.212632 0.081349
0 0.644015 0.342014 0.210648 0.078373
0 0.438327 0.422743 0.211310 0.081597
