0 0.644841 0.880456 0.147487 0.079365
0 0.480489 0.878348 0.105820 0.068204
0 0.369048 0.882192 0.108466 0.070437
0 0.254299 0.884301 0.108466 0.068700
0 0.692791 0.800099 0.105820 0.068948
0 0.585979 0.800967 0.105820 0.068204
0 0.477513 0.800719 0.106481 0.067708
0 0.362930 0.802455 0.107474 0.068700
0 0.254630 0.804563 0.111111 0.066964
0 0.692460 0.722966 0.108466 0.066964
0 0.586144 0.723834 0.105489 0.068700
0 0.477017 0.727431 0.105489 0.066964
0 0.371528 0.727307 0.108135 0.067212
0 0.254134 0.729415 0.106812 0.066468
0 0.700231 0.651786 0.108796 0.066964
0 0.591601 0.651290 0.105159 0.066468
0 0.482970 0.652778 0.104167 0.066964
0 0.370205 0.652406 0.107474 0.065724
0 0.255456 0.654142 0.109458 0.067212
0 0.698413 0.553323 0.105820 0.111111
0 0.588459 0.555184 0.104167 0.109871
0 0.476521 0.556548 0.103175 0.109623
0 0.364253 0.555308 0.103505 0.111111
0 0.254960 0.557664 0.106481 0.112351
0 0.695271 0.436880 0.099537 0.094990
0 0.590278 0.437004 0.097884 0.094246
0 0.479497 0.435268 0.099206 0.095238
0 0.369378 0.439484 0.102513 0.109127
0 0.254630 0.440600 0.104497 0.112351
0 0.722884 0.342758 0.089947 0.076885
0 0.610780 0.350322 0.125661 0.074157
0 0.483300 0.349330 0.104828 0.063740
0 0.371197 0.349082 0.104167 0.068204
0 0.256614 0.348710 0.105159 0.067460
0 0.667493 0.271453 0.103505 0.065724
0 0.551091 0.269965 0.103505 0.065228
0 0.442130 0.271949 0.102513 0.066220
0 0.339782 0.274678 0.088955 0.078125
0 0.247851 0.270957 0.087632 0.079117
0 0.704696 0.194072 0.085317 0.074653
0 0.614583 0.195561 0.086971 0.075149
0 0.523313 0.192956 0.085648 0.076885
0 0.428737 0.191592 0.083664 0.076637
0 0.342262 0.188492 0.087963 0.076885
0 0.250496 0.187128 0.086310 0.075645
0 0.706019 0.107639 0.083995 0.074901
0 0.614583 0.107267 0.083664 0.072173
0 0.525794 0.107267 0.085979 0.075645
0 0.434358 0.105531 0.083664 0.075645
0 0.346065 0.105903 0.083664 0.074405
0 0.252976 0.102307 0.087963 0.075645
