0 0.760417 0.868428 0.087632 0.078621
0 0.670800 0.873760 0.087632 0.080853
0 0.576389 0.875620 0.087963 0.080605
0 0.475033 0.892733 0.104828 0.071181
0 0.366733 0.897197 0.105159 0.070188
0 0.254134 0.899802 0.108135 0.069940
0 0.739418 0.763021 0.113095 0.093998
0 0.543485 0.723338 0.124669 0.072173
0 0.393022 0.730655 0.154431 0.083829
0 0.254960 0.741815 0.104497 0.101687
0 0.717097 0.621404 0.104167 0.099454
0 0.578704 0.623140 0.166667 0.097966
0 0.419478 0.631944 0.131944 0.101687
0 0.275132 0.632812 0.136905 0.103423
0 0.713294 0.517361 0.102513 0.099206
0 0.597718 0.519965 0.102183 0.097966
0 0.487930 0.520585 0.106812 0.096230
0 0.378472 0.522569 0.102183 0.097718
0 0.260582 0.526538 0.109127 0.097718
0 0.728175 0.405010 0.101852 0.097222
0 0.619213 0.406870 0.106812 0.096478
0 0.506448 0.408234 0.107474 0.097222
0 0.389550 0.411334 0.117725 0.107391
0 0.264881 0.412202 0.109127 0.112599
0 0.703373 0.309772 0.128968 0.073413
0 0.562169 0.311756 0.144180 0.078869
0 0.404101 0.311260 0.147487 0.081349
0 0.258929 0.303571 0.107143 0.066964
0 0.701885 0.230159 0.104167 0.063988
0 0.590112 0.229911 0.104167 0.063988
0 0.478175 0.228051 0.105159 0.067708
0 0.371032 0.226066 0.107143 0.067212
0 0.259259 0.226811 0.107804 0.067212
0 0.697917 0.159474 0.103505 0.063492
0 0.588624 0.157366 0.104497 0.064732
0 0.482143 0.154638 0.105159 0.067212
0 0.370370 0.153026 0.106481 0.066964
0 0.259921 0.151662 0.108466 0.066220
0 0.694114 0.084325 0.101852 0.064484
0 0.590939 0.085938 0.100529 0.064732
0 0.487269 0.082093 0.103505 0.064980
0 0.374669 0.078125 0.105820 0.067460
0 0.258929 0.076017 0.105820 0.065724
