0 0.691634 0.878844 0.081680 0.074157
0 0.595073 0.891369 0.105489 0.091270
0 0.479993 0.895585 0.113426 0.112103
0 0.362599 0.897197 0.117394 0.110863
0 0.242229 0.898189 0.112103 0.112847
0 0.561673 0.805928 0.103505 0.052331
0 0.415013 0.791791 0.154762 0.081597
0 0.256118 0.791419 0.146495 0.079861
0 0.688492 0.740079 0.103836 0.091270
0 0.554894 0.719742 0.117063 0.101687
0 0.431382 0.706473 0.086310 0.079117
0 0.335979 0.706349 0.091931 0.074405
0 0.233135 0.708581 0.091931 0.078869
0 0.687996 0.657118 0.100860 0.064732
0 0.558366 0.622396 0.098876 0.083581
0 0.453538 0.619668 0.090939 0.083085
0 0.343915 0.619172 0.101852 0.084077
0 0.237599 0.619916 0.098214 0.087054
0 0.690146 0.578993 0.125000 0.077133
0 0.573413 0.526786 0.091931 0.082341
0 0.464451 0.523313 0.112765 0.070437
0 0.347718 0.534350 0.100860 0.086062
0 0.240575 0.519097 0.108796 0.104663
0 0.699074 0.460069 0.109127 0.125000
0 0.546627 0.417783 0.126984 0.126240
0 0.353175 0.426215 0.113757 0.124752
0 0.233962 0.418403 0.096230 0.085813
0 0.701720 0.325769 0.111111 0.127232
0 0.557044 0.308160 0.169643 0.085565
0 0.383433 0.313864 0.169643 0.096478
0 0.240410 0.314236 0.107143 0.099206
0 0.622685 0.198041 0.143519 0.090030
0 0.479828 0.209573 0.117063 0.105159
0 0.359788 0.208953 0.107804 0.100942
0 0.240741 0.209077 0.107143 0.096230
0 0.658399 0.095610 0.126984 0.080605
0 0.521660 0.095114 0.131283 0.077629
0 0.381779 0.096726 0.135913 0.075893
0 0.245701 0.103299 0.108466 0.097966
