0 0.628472 0.907738 0.089616 0.084821
0 0.629134 0.825645 0.087632 0.083333
0 0.538029 0.911706 0.088624 0.087798
0 0.447421 0.921379 0.095238 0.089782
0 0.537698 0.831845 0.090608 0.084821
0 0.437665 0.838046 0.094246 0.086806
0 0.719907 0.820685 0.083333 0.080357
0 0.718419 0.902902 0.083664 0.080109
0 0.351356 0.927207 0.090278 0.086062
0 0.253472 0.931548 0.088294 0.082341
0 0.297123 0.844370 0.178241 0.086062
0 0.660384 0.742312 0.163360 0.081349
0 0.481151 0.749504 0.171296 0.088294
0 0.293320 0.755704 0.173280 0.082837
0 0.711806 0.626736 0.100198 0.125496
0 0.602183 0.629588 0.101852 0.126736
0 0.489749 0.634053 0.101852 0.128720
0 0.374339 0.639013 0.103175 0.132192
0 0.261243 0.639385 0.106481 0.130952
0 0.712467 0.486235 0.109458 0.096974
0 0.603175 0.498512 0.103175 0.123016
0 0.490410 0.501116 0.102513 0.124752
0 0.375331 0.501984 0.103175 0.127976
0 0.260747 0.503348 0.106812 0.127728
0 0.704365 0.373636 0.101852 0.117808
0 0.600694 0.372892 0.100860 0.121776
0 0.493056 0.369296 0.101190 0.125496
0 0.382440 0.368180 0.106151 0.126240
0 0.263724 0.368304 0.107474 0.126984
0 0.699735 0.246528 0.101852 0.120040
0 0.595734 0.245288 0.101521 0.122024
0 0.488757 0.240203 0.099206 0.126736
0 0.380787 0.238839 0.104828 0.127976
0 0.265873 0.235491 0.105159 0.125744
0 0.694940 0.123388 0.106812 0.117808
0 0.591104 0.119792 0.102844 0.122520
0 0.486442 0.110863 0.099868 0.125496
0 0.380952 0.105903 0.104497 0.126984
0 0.269345 0.103051 0.105489 0.124752
