0 0.407738 0.898313 0.107804 0.054067
0 0.290344 0.901538 0.108466 0.053571
0 0.732143 0.810268 0.101852 0.053571
0 0.623347 0.821181 0.102513 0.068452
0 0.514881 0.827629 0.101190 0.070437
0 0.400463 0.829613 0.107804 0.071429
0 0.287037 0.833829 0.104497 0.070933
0 0.697421 0.741815 0.131614 0.087302
0 0.560185 0.741319 0.093915 0.084325
0 0.462963 0.745784 0.089947 0.083333
0 0.368717 0.750248 0.090608 0.083333
0 0.274471 0.754216 0.091270 0.082341
0 0.737434 0.654266 0.089947 0.079861
0 0.650132 0.655506 0.087302 0.080357
0 0.559193 0.658482 0.086640 0.079365
0 0.467923 0.659722 0.087963 0.080853
0 0.375331 0.663442 0.091931 0.082341
0 0.276455 0.666667 0.092593 0.084821
0 0.731481 0.569444 0.089947 0.080853
0 0.642526 0.570188 0.086640 0.077381
0 0.554894 0.569444 0.088624 0.078869
0 0.465278 0.574653 0.086640 0.081349
0 0.371362 0.575397 0.091931 0.080853
0 0.274471 0.579365 0.092593 0.080853
0 0.734127 0.488095 0.089947 0.074901
0 0.646164 0.489087 0.085979 0.074901
0 0.556878 0.486607 0.085979 0.075893
0 0.466931 0.489087 0.088624 0.077877
0 0.374008 0.489335 0.090608 0.078373
0 0.278439 0.490823 0.092593 0.079365
0 0.729497 0.405010 0.084656 0.074405
0 0.643849 0.404018 0.083995 0.075397
0 0.557209 0.405506 0.086640 0.075397
0 0.469246 0.404514 0.091931 0.078373
0 0.374008 0.402530 0.090608 0.079365
0 0.282077 0.403522 0.091931 0.080357
0 0.728836 0.325397 0.084656 0.074901
0 0.643188 0.324405 0.085317 0.074901
0 0.555886 0.322421 0.086640 0.077877
0 0.467262 0.322669 0.087963 0.080357
0 0.372685 0.319692 0.091931 0.079365
0 0.280423 0.318948 0.091270 0.080853
0 0.727844 0.247768 0.085317 0.076389
0 0.642196 0.246032 0.084656 0.074901
0 0.555556 0.241071 0.085979 0.078869
0 0.466931 0.238095 0.085979 0.078869
0 0.374339 0.235119 0.089947 0.079861
0 0.279431 0.233135 0.087963 0.076885
0 0.720899 0.170883 0.084656 0.073413
0 0.638228 0.170635 0.083333 0.077877
0 0.551918 0.165179 0.082672 0.076885
0 0.463955 0.160218 0.085317 0.080853
0 0.373347 0.155754 0.089286 0.080853
0 0.277116 0.155258 0.089947 0.078869
0 0.717923 0.098462 0.082672 0.074405
0 0.634921 0.093750 0.082011 0.077877
0 0.545966 0.087054 0.080026 0.082341
0 0.466931 0.081101 0.084656 0.080357
0 0.373677 0.074901 0.089947 0.081845
0 0.276786 0.073909 0.086640 0.077877
