0 0.265873 0.869048 0.096561 0.123512
0 0.370701 0.750744 0.085317 0.082341
0 0.264881 0.754464 0.087963 0.083829
0 0.704365 0.654018 0.082011 0.080357
0 0.620040 0.656498 0.085317 0.081349
0 0.530423 0.657738 0.082011 0.079861
0 0.440807 0.658234 0.083995 0.081845
0 0.304894 0.656498 0.164021 0.082341
0 0.703373 0.566220 0.083995 0.074405
0 0.615741 0.566468 0.083333 0.075893
0 0.528439 0.567708 0.080688 0.073413
0 0.443783 0.569196 0.084656 0.076389
0 0.357143 0.571677 0.084656 0.075397
0 0.268188 0.572917 0.086640 0.074901
0 0.698413 0.488343 0.082011 0.073413
0 0.612765 0.488095 0.082672 0.072917
0 0.529762 0.489335 0.083333 0.073413
0 0.444114 0.489583 0.082672 0.075893
0 0.356481 0.489583 0.085979 0.075893
0 0.269180 0.491567 0.082011 0.074901
0 0.698743 0.409970 0.083995 0.074405
0 0.613426 0.410218 0.083995 0.073909
0 0.529762 0.411210 0.083333 0.073909
0 0.445106 0.410218 0.084656 0.074901
0 0.359127 0.410962 0.082011 0.073413
0 0.271164 0.413690 0.084656 0.074901
0 0.699074 0.332589 0.084656 0.073413
0 0.610780 0.332341 0.082672 0.074901
0 0.527778 0.331597 0.082011 0.072421
0 0.440476 0.330853 0.085979 0.075893
0 0.353175 0.329861 0.084656 0.074901
0 0.268849 0.336062 0.086640 0.074405
0 0.694775 0.252232 0.083995 0.072421
0 0.609127 0.254712 0.083333 0.074405
0 0.524140 0.253224 0.081349 0.074405
0 0.438823 0.250000 0.082672 0.076885
0 0.354497 0.251488 0.083333 0.076885
0 0.269511 0.254712 0.082672 0.075397
0 0.688492 0.177083 0.082011 0.072917
0 0.604497 0.176091 0.084656 0.073909
0 0.519841 0.173859 0.082011 0.073413
0 0.434854 0.171627 0.078704 0.069940
0 0.351852 0.172867 0.084656 0.073413
0 0.267196 0.173363 0.083333 0.072421
0 0.687169 0.106647 0.083333 0.070933
0 0.604497 0.105655 0.079365 0.072917
0 0.522156 0.099950 0.085317 0.072421
0 0.438823 0.097718 0.085317 0.070933
0 0.352513 0.097718 0.084656 0.073909
0 0.268188 0.096478 0.085317 0.074405
