0 0.689153 0.853423 0.101852 0.068452
0 0.590939 0.860863 0.087963 0.075397
0 0.474206 0.866319 0.087302 0.086310
0 0.384259 0.865823 0.082011 0.080357
0 0.298942 0.865327 0.082011 0.078373
0 0.204365 0.869544 0.084656 0.083829
0 0.575397 0.754464 0.148148 0.083829
0 0.438823 0.763889 0.101190 0.101687
0 0.326058 0.763641 0.108466 0.090278
0 0.215278 0.768601 0.105159 0.096230
0 0.653439 0.662698 0.104497 0.093750
0 0.537698 0.662698 0.100529 0.093750
0 0.434854 0.663194 0.103836 0.094742
0 0.327381 0.662450 0.101852 0.096230
0 0.218585 0.664187 0.105159 0.096726
0 0.654762 0.566716 0.097884 0.092262
0 0.549272 0.565724 0.099868 0.094246
0 0.440476 0.564236 0.099206 0.093254
0 0.331349 0.565476 0.105820 0.095734
0 0.218915 0.566964 0.104497 0.096726
0 0.662368 0.466518 0.102513 0.095238
0 0.555886 0.468006 0.099868 0.093254
0 0.448082 0.457341 0.105159 0.061012
0 0.329696 0.461558 0.115741 0.071429
0 0.217593 0.469494 0.095238 0.084325
0 0.715608 0.350198 0.083333 0.076885
0 0.626653 0.351438 0.090608 0.082341
0 0.530423 0.351935 0.093915 0.084325
0 0.431548 0.351687 0.091931 0.082837
0 0.333995 0.352679 0.092593 0.087798
0 0.226521 0.366567 0.114418 0.114583
0 0.698082 0.211062 0.151455 0.084325
0 0.547619 0.214534 0.136243 0.089286
0 0.398148 0.214286 0.158730 0.084821
0 0.241402 0.232391 0.146825 0.137897
0 0.707672 0.091270 0.108466 0.065972
0 0.592593 0.113095 0.112434 0.113591
0 0.477183 0.110863 0.111772 0.113095
0 0.364087 0.110367 0.113095 0.116071
0 0.230159 0.101687 0.121693 0.105655
