0 0.656581 0.851190 0.100198 0.064484
0 0.551091 0.854911 0.102183 0.068452
0 0.443618 0.859127 0.100860 0.066964
0 0.288029 0.865823 0.205026 0.072421
0 0.699074 0.729043 0.099206 0.065724
0 0.595403 0.750000 0.108135 0.111111
0 0.480820 0.758929 0.114418 0.121528
0 0.362930 0.760293 0.113426 0.120288
0 0.245205 0.762897 0.114087 0.118552
0 0.670966 0.653150 0.082672 0.075149
0 0.588128 0.656622 0.084325 0.075645
0 0.501323 0.656374 0.085979 0.078621
0 0.413690 0.658854 0.085979 0.077629
0 0.324239 0.661954 0.088294 0.078869
0 0.233631 0.663070 0.089616 0.077629
0 0.678075 0.575149 0.086971 0.073909
0 0.585648 0.575397 0.085979 0.074405
0 0.499008 0.574281 0.085979 0.075645
0 0.409722 0.576885 0.087302 0.076389
0 0.321429 0.579117 0.085979 0.075397
0 0.229663 0.582837 0.090939 0.077877
0 0.675595 0.497024 0.086640 0.076389
0 0.588790 0.495908 0.086971 0.075645
0 0.501488 0.495412 0.085648 0.074653
0 0.412202 0.497768 0.086310 0.074405
0 0.322586 0.497520 0.090278 0.076389
0 0.231978 0.499380 0.089616 0.077629
0 0.675926 0.417535 0.087302 0.075149
0 0.586640 0.419395 0.083995 0.078869
0 0.497851 0.418775 0.084987 0.077629
0 0.413029 0.418155 0.084656 0.074901
0 0.322090 0.417039 0.087963 0.075149
0 0.232804 0.416295 0.090608 0.076141
0 0.671958 0.336434 0.082672 0.075149
0 0.585152 0.337674 0.087632 0.077629
0 0.496197 0.338046 0.083664 0.076885
0 0.409392 0.336930 0.085317 0.078621
0 0.274967 0.337550 0.170304 0.077381
0 0.636243 0.258185 0.164021 0.077381
0 0.463955 0.255084 0.167989 0.077629
0 0.330357 0.257068 0.097222 0.080109
0 0.233962 0.255828 0.090278 0.076141
0 0.620040 0.177083 0.164683 0.073909
0 0.451389 0.176215 0.164683 0.075645
0 0.274636 0.174231 0.166336 0.075645
0 0.619874 0.089906 0.163690 0.076637
0 0.450231 0.088914 0.166997 0.080109
0 0.275298 0.083085 0.172950 0.081845
