0 0.702216 0.916915 0.094907 0.084325
0 0.578042 0.919023 0.105820 0.094990
0 0.464947 0.918775 0.108466 0.098958
0 0.351025 0.921999 0.108135 0.097966
0 0.235119 0.925967 0.111772 0.099454
0 0.693948 0.818080 0.108135 0.094990
0 0.582011 0.820312 0.107804 0.095486
0 0.467923 0.818948 0.111111 0.094246
0 0.353340 0.818948 0.108135 0.095238
0 0.230324 0.822297 0.113426 0.094990
0 0.696759 0.720362 0.109127 0.094494
0 0.584491 0.721974 0.108796 0.093750
0 0.471561 0.722842 0.110450 0.097966
0 0.352183 0.712054 0.112434 0.072421
0 0.231151 0.713914 0.113095 0.071181
0 0.703538 0.625868 0.109458 0.070188
0 0.590608 0.627852 0.109788 0.071181
0 0.470734 0.630332 0.110119 0.070188
0 0.353836 0.633061 0.110450 0.069196
0 0.234788 0.635665 0.112434 0.069444
0 0.714286 0.546503 0.094577 0.081101
0 0.612765 0.545635 0.092593 0.080357
0 0.518353 0.547495 0.092262 0.079613
0 0.424438 0.548983 0.093585 0.080109
0 0.322421 0.549727 0.093915 0.083581
0 0.224041 0.553695 0.094246 0.081597
0 0.709656 0.460689 0.089947 0.079117
0 0.607639 0.461930 0.090939 0.080605
0 0.511739 0.463418 0.090939 0.080109
0 0.714286 0.374132 0.093915 0.081101
0 0.611938 0.374380 0.090939 0.078125
0 0.516700 0.375248 0.092262 0.079365
0 0.372685 0.463790 0.171958 0.080357
0 0.223049 0.466890 0.094246 0.081597
0 0.419147 0.376984 0.090939 0.080853
0 0.223710 0.375496 0.094907 0.082341
0 0.110946 0.340154 0.110780 0.070188
0 0.228836 0.293031 0.109127 0.065228
0 0.348710 0.292907 0.107474 0.067460
0 0.460483 0.290179 0.102844 0.066964
0 0.578869 0.287946 0.110780 0.094742
0 0.724041 0.261533 0.110780 0.130208
0 0.539848 0.202629 0.089616 0.076885
0 0.395337 0.208581 0.196759 0.097222
0 0.229001 0.194320 0.110780 0.110863
0 0.670139 0.122396 0.170966 0.145585
0 0.515873 0.103919 0.109127 0.107143
0 0.404266 0.099826 0.107474 0.107887
0 0.257110 0.083333 0.174934 0.081349
