0 0.663029 0.899182 0.097884 0.082589
0 0.559358 0.899678 0.093585 0.085565
0 0.456845 0.896453 0.101521 0.085565
0 0.656250 0.815228 0.097553 0.081845
0 0.555060 0.813492 0.094907 0.084325
0 0.456019 0.811136 0.099868 0.082589
0 0.306052 0.832837 0.193452 0.109623
0 0.725860 0.730531 0.107804 0.078621
0 0.604663 0.733383 0.111442 0.073413
0 0.488095 0.731523 0.108466 0.071677
0 0.374008 0.730531 0.109788 0.073661
0 0.257110 0.731523 0.105489 0.074653
0 0.690311 0.656002 0.100860 0.075893
0 0.577381 0.654762 0.098545 0.071925
0 0.467923 0.652654 0.099206 0.075149
0 0.367229 0.652282 0.097553 0.070933
0 0.264550 0.649182 0.107143 0.069196
0 0.695271 0.569196 0.095569 0.083333
0 0.589782 0.568204 0.093585 0.083829
0 0.471230 0.567584 0.101190 0.086062
0 0.363426 0.566964 0.099868 0.087302
0 0.261078 0.566096 0.100860 0.085565
0 0.697751 0.473710 0.145503 0.085317
0 0.566303 0.477431 0.100860 0.085813
0 0.460317 0.477555 0.092593 0.080605
0 0.358796 0.475198 0.091270 0.076389
0 0.256283 0.475198 0.091270 0.081349
0 0.662533 0.389881 0.093585 0.081845
0 0.560847 0.390749 0.091931 0.080605
0 0.463459 0.393105 0.090278 0.081845
0 0.365906 0.391245 0.093585 0.082093
0 0.728340 0.286706 0.092262 0.084821
0 0.606481 0.289559 0.142857 0.086558
0 0.478175 0.295387 0.103175 0.094742
0 0.370370 0.299851 0.107804 0.098710
0 0.262070 0.317832 0.109458 0.128224
0 0.705522 0.195933 0.104828 0.089286
0 0.593750 0.198413 0.107474 0.089286
0 0.481978 0.199281 0.105489 0.090030
0 0.371197 0.201265 0.105489 0.088542
0 0.259425 0.202133 0.107474 0.087798
0 0.718915 0.093130 0.109788 0.090526
0 0.603505 0.094122 0.105820 0.090526
0 0.490575 0.095734 0.106812 0.092262
0 0.380291 0.097346 0.110450 0.091518
0 0.264220 0.100322 0.111772 0.105407
0 0.781911 0.387773 0.084987 0.078125
