0 0.321925 0.862847 0.219246 0.084325
0 0.730324 0.876612 0.101521 0.083085
0 0.605820 0.873512 0.102513 0.084325
0 0.486442 0.862103 0.116402 0.071429
0 0.739914 0.789187 0.100860 0.084325
0 0.623347 0.787946 0.101190 0.084325
0 0.513889 0.786086 0.099868 0.084077
0 0.395172 0.778398 0.114418 0.073661
0 0.681713 0.701637 0.098214 0.083829
0 0.579530 0.700645 0.100860 0.083333
0 0.475694 0.698165 0.094907 0.082837
0 0.373181 0.687252 0.091601 0.081349
0 0.780589 0.621900 0.084325 0.085565
0 0.674272 0.615699 0.099868 0.083085
0 0.570437 0.612971 0.099206 0.082589
0 0.416997 0.605531 0.181217 0.080109
0 0.272321 0.772693 0.101521 0.078125
0 0.270503 0.653274 0.095899 0.150794
0 0.745370 0.531498 0.108466 0.091766
0 0.617560 0.528894 0.092923 0.082093
0 0.505126 0.525546 0.112765 0.069940
0 0.385251 0.528894 0.107804 0.069196
0 0.272156 0.529762 0.099206 0.082341
0 0.778274 0.440600 0.083664 0.081101
0 0.672950 0.441840 0.102513 0.080109
0 0.569114 0.444568 0.098545 0.082093
0 0.470403 0.442956 0.094246 0.082341
0 0.373181 0.444444 0.090278 0.081845
0 0.272321 0.442956 0.096892 0.082341
0 0.717923 0.351314 0.171296 0.085069
0 0.579034 0.354663 0.096561 0.081845
0 0.475860 0.355531 0.098545 0.081101
0 0.373347 0.354415 0.098545 0.081349
0 0.274471 0.353919 0.097884 0.079365
0 0.768353 0.261161 0.086971 0.081845
0 0.673446 0.265501 0.096892 0.080605
0 0.573909 0.268477 0.097553 0.079117
0 0.475364 0.271205 0.096230 0.081101
0 0.370866 0.270337 0.096892 0.081845
0 0.270172 0.269469 0.092593 0.080109
0 0.752646 0.175099 0.103175 0.082341
0 0.656415 0.180556 0.093915 0.081845
0 0.560185 0.183656 0.091931 0.080605
0 0.462136 0.184028 0.092262 0.079365
0 0.366237 0.184648 0.089616 0.078125
0 0.271660 0.184772 0.093585 0.080357
0 0.751488 0.092262 0.092262 0.079365
0 0.639220 0.093626 0.095899 0.079613
0 0.532077 0.097594 0.096561 0.080109
0 0.426918 0.100818 0.098545 0.078621
0 0.302083 0.100446 0.151124 0.086806
