0 0.655423 0.899306 0.203704 0.124504
0 0.375000 0.900546 0.209656 0.128968
0 0.661045 0.811260 0.199735 0.053075
0 0.498512 0.847842 0.102844 0.126240
0 0.248347 0.848462 0.116402 0.126488
0 0.719577 0.712426 0.111111 0.131200
0 0.603340 0.712674 0.110780 0.130704
0 0.485780 0.712302 0.116402 0.132937
0 0.365245 0.711434 0.115410 0.133185
0 0.246032 0.709697 0.116402 0.131200
0 0.662368 0.597222 0.176587 0.084325
0 0.471396 0.595362 0.174934 0.085565
0 0.279266 0.595610 0.176257 0.084573
0 0.700893 0.476066 0.106151 0.130208
0 0.532573 0.476314 0.129299 0.129712
0 0.397321 0.475818 0.131283 0.130208
0 0.255787 0.478423 0.135251 0.130952
0 0.685185 0.349578 0.177910 0.089534
0 0.473214 0.356771 0.175926 0.100942
0 0.280589 0.354663 0.178241 0.100198
0 0.720734 0.217758 0.107474 0.132440
0 0.614253 0.239335 0.092923 0.081349
0 0.472057 0.246280 0.172288 0.101687
0 0.279266 0.245164 0.176257 0.098958
0 0.713128 0.091766 0.172950 0.101190
0 0.551918 0.110243 0.132275 0.135665
0 0.405589 0.111607 0.135913 0.133929
0 0.257110 0.113715 0.135251 0.138641
