0 0.686177 0.784474 0.158069 0.084821
0 0.511409 0.781250 0.171627 0.081845
0 0.599537 0.873760 0.136243 0.082341
0 0.474702 0.870784 0.086971 0.077381
0 0.361276 0.843502 0.108135 0.125992
0 0.249669 0.845362 0.105159 0.127232
0 0.708168 0.692708 0.137235 0.084325
0 0.576720 0.691344 0.087302 0.078125
0 0.472222 0.688120 0.106481 0.068204
0 0.360615 0.687252 0.104828 0.067460
0 0.249669 0.715650 0.109788 0.112847
0 0.734954 0.600322 0.111442 0.070685
0 0.619709 0.608011 0.089286 0.081101
0 0.525132 0.609003 0.091931 0.080605
0 0.435681 0.608755 0.080357 0.078125
0 0.344907 0.611731 0.093254 0.081101
0 0.243882 0.614955 0.098214 0.080605
0 0.687169 0.508681 0.103175 0.079861
0 0.585317 0.509673 0.099868 0.080357
0 0.477017 0.509301 0.108135 0.070188
0 0.364749 0.510045 0.108466 0.071181
0 0.251819 0.526166 0.109458 0.094990
0 0.709821 0.421875 0.178902 0.091270
0 0.538029 0.420015 0.155423 0.075149
0 0.381944 0.424851 0.154762 0.086806
0 0.246032 0.429439 0.114418 0.094990
0 0.749173 0.332341 0.103505 0.082837
0 0.644511 0.332465 0.095899 0.080605
0 0.544808 0.337922 0.096892 0.079117
0 0.438327 0.336930 0.098214 0.078621
0 0.336971 0.336930 0.095899 0.081101
0 0.237269 0.337550 0.100198 0.082341
0 0.749008 0.247024 0.096561 0.084821
0 0.647983 0.249876 0.097553 0.080605
0 0.544808 0.248388 0.098214 0.083581
0 0.442295 0.250992 0.093585 0.081845
0 0.340774 0.253472 0.088294 0.076885
0 0.238922 0.254216 0.096892 0.079365
0 0.742890 0.162078 0.090939 0.076141
0 0.655589 0.165923 0.100198 0.083829
0 0.543485 0.160838 0.104167 0.068700
0 0.438492 0.158978 0.099206 0.062500
0 0.336144 0.166791 0.099537 0.080605
0 0.232474 0.169767 0.088624 0.078125
0 0.713128 0.079985 0.096230 0.084077
0 0.588955 0.083085 0.109127 0.070933
0 0.480820 0.087674 0.102513 0.070188
0 0.367063 0.085317 0.106481 0.067460
0 0.246362 0.086806 0.126323 0.067956
