0 0.731812 0.875744 0.095899 0.082341
0 0.628968 0.875992 0.095899 0.080853
0 0.531911 0.877232 0.094907 0.079365
0 0.436839 0.876984 0.093254 0.079861
0 0.335813 0.879340 0.094246 0.082589
0 0.239749 0.880580 0.092593 0.080109
0 0.729663 0.787574 0.094907 0.080605
0 0.627315 0.787822 0.092593 0.081101
0 0.481151 0.789683 0.179894 0.079861
0 0.338128 0.791419 0.092923 0.078869
0 0.235780 0.794271 0.095899 0.080605
0 0.724702 0.700397 0.093585 0.082341
0 0.629134 0.703745 0.092923 0.081597
0 0.536376 0.704613 0.092593 0.078869
0 0.438657 0.707465 0.094907 0.080605
0 0.338128 0.706101 0.092262 0.081845
0 0.233962 0.707589 0.096230 0.081845
0 0.723876 0.617436 0.093254 0.083085
0 0.627976 0.616939 0.093254 0.082093
0 0.534722 0.617188 0.092593 0.080109
0 0.438161 0.619916 0.095899 0.080605
0 0.340443 0.620784 0.094246 0.079365
0 0.236938 0.623760 0.093585 0.081845
0 0.720569 0.529142 0.091931 0.077629
0 0.621693 0.531622 0.091270 0.080109
0 0.528274 0.534102 0.089616 0.080109
0 0.435847 0.535838 0.092593 0.083085
0 0.336806 0.536210 0.093585 0.081845
0 0.239087 0.538814 0.095899 0.080605
0 0.725860 0.437500 0.093915 0.079861
0 0.620866 0.438988 0.092923 0.077877
0 0.524967 0.437128 0.092262 0.079613
0 0.428571 0.445064 0.089947 0.083085
0 0.337632 0.444320 0.091931 0.080109
0 0.241733 0.447297 0.098545 0.085069
0 0.722884 0.353671 0.091931 0.079861
0 0.621528 0.358135 0.097553 0.086310
0 0.525463 0.356895 0.091931 0.078869
0 0.432044 0.357763 0.091601 0.079613
0 0.336144 0.357143 0.093585 0.080357
0 0.240575 0.358879 0.094246 0.079365
0 0.724702 0.268353 0.096892 0.079365
0 0.625827 0.270957 0.089616 0.079117
0 0.530093 0.270957 0.092593 0.077133
0 0.434028 0.272073 0.094246 0.079365
0 0.338128 0.270957 0.092923 0.080605
0 0.237269 0.270585 0.096230 0.079861
0 0.726356 0.184896 0.091601 0.078125
0 0.629960 0.186012 0.092593 0.078373
0 0.530093 0.186384 0.092593 0.078621
0 0.434524 0.187872 0.091931 0.079117
0 0.334821 0.186508 0.092923 0.076885
0 0.238095 0.186384 0.094577 0.077629
0 0.719742 0.097470 0.091601 0.079365
0 0.624669 0.097718 0.089947 0.077381
0 0.531085 0.099826 0.093254 0.079117
0 0.431548 0.099454 0.095899 0.078869
0 0.333664 0.098214 0.096561 0.082341
0 0.232639 0.096106 0.096892 0.079117
