0 0.665509 0.909598 0.119378 0.079613
0 0.554729 0.917287 0.096230 0.086062
0 0.350033 0.929563 0.101521 0.086806
0 0.231481 0.923859 0.097222 0.089286
0 0.667659 0.823785 0.113095 0.076141
0 0.555390 0.830853 0.094246 0.084325
0 0.453538 0.835813 0.094907 0.085317
0 0.351687 0.840774 0.096892 0.082837
0 0.665179 0.735987 0.100198 0.085565
0 0.556382 0.740327 0.097553 0.085813
0 0.455192 0.745908 0.094907 0.084077
0 0.348545 0.746652 0.098545 0.085565
0 0.236111 0.771701 0.116402 0.142113
0 0.734788 0.643973 0.099206 0.083581
0 0.633598 0.648562 0.098545 0.085813
0 0.535714 0.650422 0.095899 0.084573
0 0.440311 0.655382 0.096892 0.083085
0 0.339782 0.657118 0.098876 0.085565
0 0.233631 0.651910 0.113426 0.072669
0 0.721726 0.554936 0.097553 0.079613
0 0.623347 0.558284 0.093915 0.081349
0 0.527447 0.557168 0.090608 0.078621
0 0.431548 0.563368 0.093915 0.083581
0 0.332011 0.566592 0.096561 0.085565
0 0.226025 0.566096 0.098214 0.084573
0 0.679894 0.465278 0.098545 0.082341
0 0.577050 0.465278 0.095899 0.081349
0 0.476521 0.466270 0.095238 0.082837
0 0.358796 0.470114 0.114418 0.097966
0 0.229001 0.467138 0.115410 0.095982
0 0.610615 0.369792 0.111442 0.096230
0 0.489914 0.370412 0.111442 0.094990
0 0.372851 0.368428 0.112103 0.097966
0 0.236276 0.354787 0.133929 0.073165
0 0.729828 0.277406 0.095899 0.091022
0 0.628307 0.272445 0.093915 0.083581
0 0.522983 0.269345 0.106812 0.069940
0 0.401786 0.275174 0.110450 0.093006
0 0.252976 0.268725 0.173942 0.086062
0 0.612103 0.182292 0.162698 0.083333
0 0.432044 0.181920 0.169643 0.086062
0 0.249835 0.175223 0.170304 0.083581
0 0.609954 0.090030 0.163690 0.081845
0 0.424603 0.086310 0.167989 0.086806
0 0.245536 0.083333 0.168320 0.082341
