0 0.712136 0.884797 0.110119 0.075645
0 0.588790 0.844742 0.127315 0.081349
0 0.468254 0.857515 0.106481 0.098958
0 0.343089 0.864459 0.122685 0.110367
0 0.217427 0.861235 0.112103 0.099454
0 0.714616 0.805060 0.093254 0.081349
0 0.711806 0.724330 0.096230 0.083085
0 0.601852 0.742436 0.130291 0.117312
0 0.416171 0.743056 0.212632 0.106151
0 0.230985 0.746280 0.133267 0.111111
0 0.696594 0.629712 0.111442 0.091270
0 0.591435 0.631572 0.106812 0.090030
0 0.486111 0.634921 0.107804 0.095734
0 0.372851 0.636781 0.108796 0.095486
0 0.240575 0.638021 0.147156 0.096478
0 0.662698 0.527654 0.142857 0.095486
0 0.515542 0.532366 0.144841 0.098462
0 0.365079 0.534102 0.144841 0.095982
0 0.214120 0.533606 0.092262 0.088542
0 0.670800 0.425595 0.094907 0.083829
0 0.575893 0.426339 0.091601 0.087302
0 0.459656 0.420883 0.132275 0.081845
0 0.333995 0.432292 0.109127 0.099206
0 0.220899 0.431796 0.109127 0.098710
0 0.660549 0.311260 0.092923 0.085317
0 0.547619 0.311880 0.106481 0.102927
0 0.384259 0.310640 0.191799 0.109375
0 0.219907 0.315848 0.111111 0.123264
0 0.664187 0.205233 0.106812 0.098958
0 0.551587 0.203993 0.109127 0.099454
0 0.443122 0.202753 0.110450 0.101438
0 0.331515 0.199529 0.112103 0.102927
0 0.219577 0.200273 0.105159 0.098958
0 0.653604 0.102183 0.106812 0.099206
0 0.545966 0.100446 0.101852 0.104167
0 0.443783 0.093006 0.112434 0.101687
0 0.329530 0.088418 0.108135 0.100942
0 0.220569 0.091270 0.102513 0.101687
