0 0.615079 0.907118 0.097222 0.085565
0 0.513558 0.913318 0.092593 0.082093
0 0.410549 0.914435 0.094907 0.084325
0 0.319114 0.914559 0.091270 0.084077
0 0.218915 0.914559 0.089286 0.086558
0 0.711806 0.814732 0.088955 0.079365
0 0.617890 0.816096 0.090278 0.080605
0 0.519180 0.817832 0.091270 0.080605
0 0.417493 0.815972 0.090939 0.081845
0 0.318948 0.816592 0.094246 0.084077
0 0.218089 0.814732 0.090939 0.082837
0 0.711806 0.725694 0.090939 0.078869
0 0.618386 0.725818 0.087963 0.081101
0 0.516534 0.725322 0.089286 0.083085
0 0.421462 0.727307 0.094246 0.084077
0 0.321594 0.730035 0.092262 0.082589
0 0.219577 0.729043 0.093254 0.080605
0 0.715112 0.633805 0.092923 0.080605
0 0.601356 0.634921 0.090278 0.081845
0 0.447255 0.633433 0.174934 0.098710
0 0.261243 0.637897 0.185185 0.104167
0 0.642692 0.538566 0.172950 0.095982
0 0.439484 0.528274 0.171296 0.080357
0 0.256779 0.530382 0.176257 0.080109
0 0.687996 0.433408 0.100860 0.084573
0 0.542989 0.439360 0.168651 0.097470
0 0.372851 0.436012 0.171627 0.086806
0 0.564980 0.348214 0.167659 0.083829
0 0.375165 0.344990 0.173611 0.083829
0 0.229332 0.365079 0.104828 0.128968
0 0.556052 0.262649 0.100198 0.094742
0 0.440642 0.251116 0.102844 0.071677
0 0.324405 0.244048 0.108466 0.071429
0 0.221396 0.254216 0.087632 0.080853
0 0.689484 0.254216 0.087963 0.077877
0 0.686673 0.179812 0.086971 0.077877
0 0.595899 0.176587 0.085979 0.079365
0 0.500661 0.172619 0.086640 0.081349
0 0.409888 0.166543 0.087632 0.081101
0 0.318287 0.163814 0.092262 0.083085
0 0.222388 0.168403 0.086310 0.079861
0 0.689815 0.097594 0.083333 0.077629
0 0.597884 0.094370 0.085979 0.080605
0 0.506944 0.090526 0.089286 0.083333
0 0.411376 0.084449 0.088624 0.083085
0 0.313327 0.081721 0.092262 0.083085
0 0.218750 0.084697 0.088294 0.083581
