0 0.715608 0.901538 0.093254 0.082837
0 0.614749 0.902034 0.093254 0.079365
0 0.516700 0.906126 0.088955 0.082589
0 0.423611 0.910590 0.091931 0.081101
0 0.316634 0.932912 0.096230 0.115823
0 0.213624 0.914311 0.093254 0.080109
0 0.708995 0.811260 0.089947 0.079861
0 0.612269 0.813244 0.091601 0.081349
0 0.514550 0.814608 0.089947 0.080605
0 0.419974 0.818824 0.087963 0.080109
0 0.313327 0.818824 0.090939 0.078621
0 0.213790 0.820312 0.090278 0.079613
0 0.804398 0.719122 0.092262 0.078125
0 0.707176 0.721726 0.090278 0.078373
0 0.611442 0.722842 0.089947 0.080605
0 0.515377 0.725446 0.090278 0.080357
0 0.417824 0.728547 0.090278 0.080605
0 0.313988 0.730903 0.090939 0.079365
0 0.211971 0.732391 0.091931 0.079365
0 0.797950 0.630704 0.092593 0.079365
0 0.704861 0.631572 0.091601 0.078621
0 0.607308 0.633433 0.090278 0.078869
0 0.510747 0.633681 0.090939 0.079365
0 0.413856 0.639137 0.090278 0.079365
0 0.312335 0.641369 0.090939 0.079861
0 0.211640 0.641369 0.090608 0.078869
0 0.795304 0.539683 0.093915 0.076389
0 0.703208 0.540675 0.091601 0.077877
0 0.607970 0.543155 0.088294 0.076885
0 0.509425 0.545263 0.087632 0.078621
0 0.415344 0.547371 0.088624 0.079365
0 0.314153 0.548115 0.091270 0.080853
0 0.213955 0.549231 0.085979 0.078125
0 0.791171 0.450025 0.090939 0.078125
0 0.699735 0.451141 0.089947 0.076389
0 0.604828 0.452257 0.089947 0.077629
0 0.511078 0.453621 0.087632 0.077381
0 0.414352 0.453993 0.092593 0.078125
0 0.312665 0.456969 0.090939 0.079613
0 0.214120 0.458209 0.090939 0.082093
0 0.788029 0.362103 0.092593 0.078373
0 0.695106 0.365079 0.089286 0.079365
0 0.600198 0.365699 0.087963 0.080605
0 0.507110 0.366195 0.090278 0.078621
0 0.411872 0.367312 0.090939 0.081349
0 0.312169 0.368056 0.091931 0.081349
0 0.212963 0.367684 0.089947 0.080605
0 0.782077 0.274926 0.089286 0.076141
0 0.690476 0.274430 0.089286 0.077629
0 0.599868 0.275422 0.088624 0.078125
0 0.507110 0.276538 0.091601 0.080357
0 0.411541 0.274678 0.094246 0.083085
0 0.309524 0.274430 0.091931 0.082589
0 0.213790 0.276910 0.088294 0.081101
0 0.774802 0.190104 0.089286 0.076141
0 0.685185 0.189236 0.085979 0.076885
0 0.593585 0.186260 0.089286 0.076389
0 0.501653 0.183656 0.089286 0.080605
0 0.406415 0.179191 0.091931 0.081597
0 0.303737 0.179191 0.091601 0.079613
0 0.209491 0.181548 0.083664 0.079365
0 0.767692 0.102183 0.086971 0.076885
0 0.677249 0.102183 0.085979 0.076885
0 0.541336 0.094246 0.168651 0.081845
0 0.403439 0.086062 0.092593 0.081845
0 0.303902 0.086186 0.088624 0.081597
0 0.205192 0.091766 0.081019 0.080357
