0 0.769676 0.877356 0.086971 0.075645
0 0.673280 0.876364 0.085979 0.076141
0 0.579034 0.878844 0.085979 0.076141
0 0.482639 0.875248 0.090278 0.077381
0 0.360946 0.855655 0.124008 0.108135
0 0.234458 0.863715 0.105820 0.093006
0 0.771660 0.795511 0.085648 0.077133
0 0.675265 0.796379 0.086640 0.077381
0 0.585483 0.792783 0.087632 0.076141
0 0.487269 0.794147 0.087632 0.076885
0 0.771991 0.709697 0.088294 0.077629
0 0.675761 0.712054 0.087632 0.078869
0 0.585648 0.713542 0.084656 0.079365
0 0.485615 0.708953 0.084325 0.077629
0 0.375000 0.728795 0.109127 0.115823
0 0.238922 0.734375 0.120040 0.126984
0 0.762401 0.625620 0.087632 0.077133
0 0.668320 0.626116 0.092593 0.078125
0 0.571098 0.625000 0.086640 0.076885
0 0.455357 0.624380 0.125000 0.079117
0 0.342593 0.625000 0.089286 0.075893
0 0.238757 0.627976 0.093254 0.076885
0 0.726521 0.545015 0.089947 0.075645
0 0.629299 0.544395 0.085979 0.075397
0 0.536210 0.543899 0.084325 0.074405
0 0.440476 0.547495 0.086640 0.074157
0 0.341601 0.548115 0.085979 0.074405
0 0.242560 0.547867 0.087632 0.074901
0 0.694444 0.454365 0.086640 0.074405
0 0.593089 0.453249 0.086310 0.075645
0 0.374173 0.439980 0.338955 0.128472
0 0.679563 0.367063 0.171296 0.095238
0 0.819279 0.485739 0.086971 0.075149
0 0.823413 0.409350 0.086640 0.070685
0 0.816964 0.332713 0.090939 0.076141
0 0.814649 0.251488 0.088955 0.074901
0 0.808532 0.169519 0.088624 0.073661
0 0.674107 0.177331 0.165013 0.091766
0 0.500496 0.174603 0.165675 0.091270
0 0.288360 0.285590 0.220899 0.156994
0 0.275463 0.163318 0.178571 0.091022
0 0.804067 0.087426 0.087632 0.076637
0 0.701224 0.088170 0.087632 0.073165
0 0.603340 0.085317 0.084987 0.074901
0 0.516369 0.083333 0.084325 0.074901
0 0.426918 0.084945 0.083995 0.083085
0 0.331845 0.082589 0.089616 0.079365
0 0.231481 0.080605 0.091931 0.080853
