0 0.763889 0.864583 0.092593 0.081349
0 0.625992 0.870040 0.175265 0.102183
0 0.467593 0.876860 0.128307 0.112351
0 0.330688 0.876612 0.128968 0.112847
0 0.208168 0.887773 0.100198 0.130208
0 0.811177 0.771825 0.125661 0.077877
0 0.698413 0.768477 0.089286 0.077629
0 0.602183 0.769345 0.091931 0.080357
0 0.505952 0.769965 0.090608 0.079613
0 0.412698 0.770585 0.092593 0.080853
0 0.316634 0.773065 0.092262 0.079365
0 0.216270 0.772569 0.091931 0.077877
0 0.791501 0.684896 0.093585 0.080109
0 0.691468 0.682912 0.089947 0.078621
0 0.596892 0.683904 0.091270 0.080605
0 0.504134 0.685268 0.090939 0.079365
0 0.409557 0.689484 0.090278 0.085317
0 0.311673 0.687624 0.088955 0.079117
0 0.215774 0.687004 0.090939 0.077877
0 0.780093 0.599454 0.091931 0.089286
0 0.683036 0.598338 0.090939 0.077133
0 0.589120 0.603299 0.088294 0.086558
0 0.498181 0.600942 0.086971 0.076885
0 0.404431 0.601687 0.085979 0.077381
0 0.311673 0.604043 0.087632 0.078125
0 0.214451 0.602679 0.090278 0.079365
0 0.678406 0.514633 0.090278 0.079365
0 0.586475 0.516245 0.090278 0.085069
0 0.494378 0.515501 0.085979 0.075149
0 0.398644 0.516865 0.087632 0.076389
0 0.309193 0.514757 0.089286 0.075645
0 0.216104 0.513393 0.088294 0.077877
0 0.766865 0.432788 0.088624 0.084325
0 0.669643 0.434648 0.085979 0.084573
0 0.579200 0.435516 0.086971 0.082341
0 0.487765 0.436260 0.085979 0.083829
0 0.353009 0.434400 0.163690 0.083581
0 0.761905 0.348338 0.085317 0.075645
0 0.619213 0.350570 0.166997 0.076141
0 0.488426 0.348338 0.085979 0.075645
0 0.397487 0.350074 0.085979 0.076141
0 0.306713 0.348214 0.085648 0.076389
0 0.210483 0.384673 0.086971 0.146825
0 0.753472 0.264509 0.090278 0.072669
0 0.663194 0.266245 0.090939 0.075149
0 0.574239 0.266865 0.090278 0.076389
0 0.484292 0.268105 0.087632 0.072421
0 0.395668 0.267237 0.090278 0.075645
0 0.299934 0.267609 0.085979 0.073909
0 0.210317 0.267981 0.086640 0.073165
0 0.747851 0.186012 0.086971 0.071925
0 0.651620 0.187872 0.087632 0.073165
0 0.563327 0.187996 0.086971 0.074405
0 0.474206 0.184524 0.086640 0.073909
0 0.388889 0.187376 0.085317 0.073165
0 0.301587 0.187624 0.085979 0.072669
0 0.211144 0.187996 0.084987 0.071925
0 0.745205 0.105159 0.088294 0.072421
0 0.653108 0.106895 0.089286 0.074901
0 0.562169 0.106895 0.085979 0.072421
0 0.475033 0.105035 0.088294 0.072669
0 0.386905 0.106399 0.085979 0.071429
0 0.298776 0.107887 0.084987 0.073413
0 0.209987 0.107143 0.087302 0.076885
