0 0.592507 0.825919 0.153054 0.082845
0 0.450817 0.829915 0.100497 0.098295
0 0.322798 0.836974 0.124290 0.112413
0 0.595170 0.654635 0.133523 0.141449
0 0.390092 0.630661 0.251776 0.095631
0 0.766335 0.528103 0.092330 0.092968
0 0.628906 0.525706 0.171875 0.092435
0 0.448686 0.528237 0.163707 0.093234
0 0.308239 0.527437 0.088778 0.092168
0 0.742188 0.225759 0.117898 0.128130
0 0.615057 0.231753 0.123580 0.124134
0 0.472301 0.211108 0.139205 0.082845
0 0.323509 0.214838 0.142045 0.079116
0 0.664418 0.098961 0.276989 0.099361
0 0.381570 0.096963 0.256747 0.089505
