0 0.694715 0.899870 0.097357 0.086571
0 0.584666 0.902738 0.095619 0.087614
0 0.483310 0.904172 0.094576 0.087353
0 0.383519 0.904694 0.097357 0.093611
0 0.282858 0.907432 0.097010 0.091265
0 0.775382 0.798044 0.094576 0.085267
0 0.681676 0.802999 0.095619 0.085789
0 0.580146 0.804954 0.094228 0.086050
0 0.481224 0.806519 0.097357 0.085528
0 0.324061 0.806258 0.181502 0.086050
0 0.769993 0.704563 0.099791 0.089700
0 0.667420 0.705215 0.099791 0.087353
0 0.524861 0.708866 0.183241 0.087875
0 0.323366 0.708996 0.180111 0.086050
0 0.707058 0.606128 0.184631 0.100391
0 0.514430 0.608866 0.181850 0.101695
0 0.323713 0.612777 0.179416 0.105346
0 0.703060 0.498696 0.180111 0.087353
0 0.513908 0.500000 0.177330 0.083703
0 0.322844 0.503911 0.180459 0.083703
0 0.699235 0.398435 0.177330 0.086050
0 0.510257 0.401825 0.176287 0.083963
0 0.326321 0.404172 0.177677 0.083442
0 0.700104 0.295698 0.176982 0.083963
0 0.514777 0.298827 0.179068 0.120469
0 0.325452 0.302347 0.178720 0.084746
0 0.693150 0.196741 0.177677 0.082138
0 0.508171 0.196871 0.179068 0.080834
0 0.324583 0.198435 0.176982 0.085528
0 0.510953 0.107823 0.174896 0.097262
0 0.326669 0.107040 0.176287 0.095176
