0 0.703646 0.954557 0.096875 0.089323
0 0.600174 0.953646 0.095486 0.086979
0 0.493403 0.955208 0.097222 0.089063
0 0.385937 0.955599 0.096181 0.087240
0 0.271181 0.956771 0.093056 0.086458
0 0.802257 0.861719 0.095486 0.085938
0 0.703299 0.862760 0.094097 0.083854
0 0.599132 0.860286 0.096875 0.086719
0 0.495139 0.857422 0.097222 0.084635
0 0.385069 0.858073 0.097917 0.085938
0 0.271007 0.863802 0.092014 0.085938
0 0.795660 0.769792 0.092708 0.085417
0 0.704167 0.772135 0.095139 0.083333
0 0.602604 0.770964 0.095486 0.084115
0 0.385590 0.770312 0.094097 0.082812
0 0.270313 0.769922 0.092014 0.084635
0 0.741493 0.676562 0.180903 0.086458
0 0.598090 0.677214 0.095486 0.084115
0 0.494965 0.678516 0.095486 0.084115
0 0.382465 0.678385 0.091319 0.083333
0 0.279687 0.681510 0.093403 0.083333
0 0.782813 0.585286 0.094792 0.083073
0 0.688194 0.585156 0.094444 0.083333
0 0.590799 0.584766 0.092708 0.084635
0 0.491493 0.584375 0.094097 0.083854
0 0.387326 0.585286 0.093403 0.080990
0 0.280208 0.587630 0.097917 0.084115
0 0.720139 0.491276 0.181250 0.084115
0 0.581424 0.490885 0.092708 0.082292
0 0.480208 0.494401 0.093750 0.079948
0 0.376389 0.495573 0.094444 0.080729
0 0.274306 0.496484 0.093750 0.082552
0 0.740625 0.398047 0.095139 0.081510
0 0.644097 0.397396 0.093750 0.081250
0 0.493229 0.396484 0.176736 0.084635
0 0.305556 0.398438 0.177083 0.081771
0 0.679514 0.293229 0.176389 0.082812
0 0.487674 0.299870 0.178125 0.081510
0 0.300174 0.304297 0.174653 0.082552
0 0.749132 0.198828 0.335069 0.092969
0 0.483681 0.208464 0.178472 0.082031
0 0.298785 0.212240 0.170486 0.082292
0 0.669444 0.100911 0.175694 0.080990
0 0.486632 0.099349 0.176042 0.082552
0 0.298785 0.110807 0.171875 0.098698
