0 0.624478 0.797001 0.095271 0.085267
0 0.518602 0.797392 0.095619 0.086050
0 0.415160 0.797653 0.093880 0.088136
0 0.718359 0.699739 0.099444 0.089439
0 0.513213 0.702347 0.095271 0.087875
0 0.412726 0.701825 0.094576 0.085267
0 0.302503 0.706910 0.096662 0.091786
0 0.710014 0.597914 0.094576 0.086050
0 0.609353 0.599739 0.096314 0.085007
0 0.509388 0.600261 0.093185 0.088657
0 0.410118 0.597523 0.092837 0.084224
0 0.299896 0.602086 0.098401 0.085528
0 0.511996 0.499087 0.092837 0.081356
0 0.408901 0.502216 0.092490 0.081356
0 0.305807 0.508866 0.092837 0.090482
0 0.700626 0.398957 0.093185 0.082399
0 0.604138 0.397784 0.091446 0.082138
0 0.506259 0.400000 0.091794 0.080313
0 0.408032 0.407823 0.090056 0.093351
0 0.304242 0.404172 0.091099 0.081877
0 0.596662 0.300522 0.095967 0.083703
0 0.501217 0.301565 0.092142 0.081617
0 0.404903 0.303129 0.092837 0.084746
0 0.304937 0.311473 0.091099 0.095176
0 0.763039 0.167536 0.223574 0.142112
0 0.501912 0.206519 0.093533 0.091265
0 0.399861 0.204954 0.091099 0.093351
0 0.757997 0.101956 0.240612 0.082920
0 0.587100 0.099739 0.092142 0.081095
0 0.493567 0.105215 0.091446 0.094654
0 0.396210 0.107562 0.091446 0.091004
0 0.296419 0.110821 0.091446 0.091265
