0 0.658854 0.932943 0.094097 0.086198
0 0.555903 0.939453 0.094444 0.088281
0 0.453299 0.943099 0.095486 0.087760
0 0.352604 0.940625 0.095486 0.088542
0 0.249653 0.939063 0.094444 0.086458
0 0.762674 0.837240 0.096181 0.084896
0 0.659549 0.840885 0.095486 0.086458
0 0.552083 0.841536 0.095139 0.086719
0 0.449306 0.847135 0.094444 0.085938
0 0.349479 0.850130 0.092708 0.084635
0 0.250347 0.850000 0.094444 0.083854
0 0.754861 0.742448 0.096528 0.085417
0 0.658681 0.745573 0.097222 0.085938
0 0.555208 0.745182 0.094444 0.087760
0 0.452431 0.746224 0.093750 0.084635
0 0.349826 0.748307 0.094097 0.085156
0 0.253819 0.750781 0.094444 0.083333
0 0.743924 0.649609 0.096875 0.084635
0 0.644444 0.651042 0.093056 0.084375
0 0.547396 0.652344 0.092708 0.082292
0 0.451910 0.651693 0.091319 0.083594
0 0.349306 0.652214 0.093056 0.084635
0 0.253125 0.652083 0.094444 0.082812
0 0.782118 0.557292 0.198264 0.082292
0 0.542882 0.558854 0.092708 0.082812
0 0.442708 0.560286 0.088889 0.084115
0 0.347743 0.561198 0.092708 0.082292
0 0.246875 0.561068 0.094444 0.082031
0 0.737326 0.464193 0.096181 0.086198
0 0.636979 0.468750 0.095486 0.082292
0 0.538194 0.467708 0.095833 0.081250
0 0.440278 0.465234 0.093750 0.085156
0 0.342014 0.462109 0.092361 0.082031
0 0.244271 0.464974 0.092708 0.082031
0 0.730035 0.373958 0.094097 0.083854
0 0.632812 0.373568 0.093403 0.084635
0 0.535069 0.374740 0.094444 0.083854
0 0.434896 0.374349 0.092014 0.083073
0 0.335069 0.373047 0.091667 0.083594
0 0.241146 0.373568 0.092014 0.082031
0 0.726215 0.270182 0.091319 0.084635
0 0.631424 0.273047 0.092708 0.084115
0 0.532813 0.272135 0.092014 0.082292
0 0.433854 0.272526 0.092014 0.086719
0 0.338542 0.273177 0.092361 0.082812
0 0.239583 0.274609 0.090278 0.079427
0 0.719271 0.178255 0.092708 0.082031
0 0.623785 0.176432 0.091319 0.082031
0 0.527257 0.177214 0.092708 0.082031
0 0.431771 0.179036 0.091319 0.082031
0 0.335417 0.178385 0.089583 0.080729
0 0.239757 0.182292 0.092014 0.079687
0 0.711285 0.083854 0.092708 0.080729
0 0.615972 0.084375 0.094444 0.077604
0 0.523611 0.085417 0.090278 0.080729
0 0.430208 0.084635 0.090972 0.080729
0 0.335417 0.085156 0.089583 0.083333
0 0.241319 0.087760 0.093750 0.080729
