0 0.796303 0.925628 0.164824 0.098471
0 0.657049 0.932884 0.097789 0.088106
0 0.551313 0.940399 0.097097 0.088106
0 0.443158 0.944027 0.098480 0.091215
0 0.336213 0.946100 0.096752 0.088624
0 0.228576 0.949339 0.099171 0.089920
0 0.762440 0.832729 0.095715 0.084737
0 0.659295 0.835061 0.095370 0.086810
0 0.554077 0.840762 0.101935 0.090956
0 0.444195 0.845426 0.097097 0.086810
0 0.333794 0.853719 0.096752 0.097175
0 0.193849 0.851646 0.169316 0.086810
0 0.788355 0.730889 0.147547 0.084737
0 0.661887 0.731666 0.095024 0.083700
0 0.561161 0.735165 0.097443 0.086551
0 0.453697 0.736849 0.098134 0.086292
0 0.344851 0.744882 0.096752 0.086810
0 0.223220 0.757839 0.124395 0.095621
0 0.759848 0.633973 0.097443 0.086292
0 0.658777 0.641747 0.097789 0.088883
0 0.555287 0.646411 0.093988 0.084219
0 0.451451 0.647836 0.094333 0.083960
0 0.345715 0.653408 0.097097 0.084737
0 0.233414 0.657813 0.097097 0.084737
0 0.752073 0.549106 0.099171 0.084996
0 0.548376 0.556362 0.096061 0.082923
0 0.443158 0.558046 0.098480 0.084737
0 0.337768 0.560767 0.095024 0.082405
0 0.229095 0.566598 0.095370 0.084737
0 0.727021 0.459057 0.096061 0.083700
0 0.629924 0.461130 0.093296 0.084219
0 0.528853 0.462814 0.092951 0.082405
0 0.429855 0.465276 0.096061 0.086810
0 0.324464 0.465146 0.097443 0.083960
0 0.223393 0.470718 0.099171 0.083700
0 0.658950 0.369267 0.175536 0.084478
0 0.481859 0.375227 0.177263 0.085514
0 0.337422 0.374190 0.094333 0.084996
0 0.234278 0.378855 0.096752 0.082923
0 0.732723 0.267556 0.091569 0.080591
0 0.635798 0.268982 0.093296 0.082923
0 0.533172 0.271184 0.096752 0.086292
0 0.433483 0.278958 0.094333 0.092511
0 0.333103 0.275719 0.099516 0.084996
0 0.228404 0.281161 0.096752 0.081886
0 0.718901 0.175304 0.092951 0.081109
0 0.623531 0.174527 0.090878 0.082146
0 0.527989 0.178025 0.091914 0.082923
0 0.423981 0.182690 0.093988 0.094325
0 0.322737 0.185670 0.092605 0.094066
0 0.217346 0.181394 0.096061 0.082923
0 0.704734 0.086421 0.094333 0.081109
0 0.605218 0.085903 0.097789 0.081109
0 0.510539 0.087328 0.095024 0.082923
0 0.411023 0.087717 0.094333 0.083700
0 0.310988 0.088106 0.093296 0.085514
0 0.213200 0.087458 0.092605 0.082664
