0 0.646015 0.942835 0.094675 0.086661
0 0.537765 0.947794 0.091890 0.086139
0 0.434563 0.948969 0.096415 0.085878
0 0.333275 0.951318 0.094326 0.084312
0 0.232336 0.952493 0.093630 0.085617
0 0.746084 0.842600 0.091542 0.085095
0 0.644274 0.842600 0.093282 0.086139
0 0.540550 0.843513 0.097459 0.085356
0 0.439436 0.844558 0.095719 0.084834
0 0.336756 0.849126 0.097111 0.088750
0 0.231465 0.850561 0.097459 0.084834
0 0.753046 0.748891 0.095023 0.084051
0 0.646711 0.748891 0.093978 0.088228
0 0.543334 0.748369 0.096763 0.086661
0 0.438914 0.751892 0.093282 0.083268
0 0.337626 0.752937 0.093978 0.085356
0 0.232858 0.757374 0.094675 0.081702
0 0.745562 0.652310 0.093978 0.088228
0 0.643404 0.651919 0.091542 0.083790
0 0.543857 0.652441 0.092238 0.084834
0 0.438218 0.655834 0.094675 0.083268
0 0.336060 0.657792 0.095719 0.083529
0 0.232336 0.659749 0.094326 0.084834
0 0.738427 0.549987 0.095023 0.083529
0 0.637313 0.551684 0.094675 0.082746
0 0.537417 0.555469 0.096763 0.083529
0 0.434911 0.556643 0.095719 0.083268
0 0.335364 0.559906 0.096415 0.081963
0 0.229725 0.567084 0.097459 0.081180
0 0.739645 0.458366 0.095371 0.084051
0 0.636617 0.458496 0.091194 0.082746
0 0.530456 0.461107 0.093282 0.081702
0 0.426906 0.465936 0.091542 0.096581
0 0.329273 0.464631 0.094675 0.082485
0 0.228333 0.468155 0.096763 0.081702
0 0.635747 0.357609 0.092934 0.083529
0 0.535329 0.362177 0.090498 0.083268
0 0.427254 0.365440 0.093630 0.085095
0 0.328228 0.371182 0.093978 0.083529
0 0.229029 0.374315 0.100940 0.085617
0 0.735468 0.270164 0.093978 0.080919
0 0.634528 0.268598 0.093978 0.084051
0 0.533066 0.270295 0.091542 0.082224
0 0.433693 0.271861 0.091194 0.082746
0 0.331709 0.272905 0.093978 0.082224
0 0.232684 0.276690 0.092934 0.081963
0 0.736338 0.176716 0.092238 0.080919
0 0.638705 0.175281 0.092586 0.079092
0 0.533066 0.178413 0.095023 0.082746
0 0.429864 0.178804 0.093978 0.082485
0 0.332405 0.181154 0.089105 0.078831
0 0.234772 0.184025 0.088757 0.082485
0 0.738949 0.087706 0.090498 0.080397
0 0.638705 0.088097 0.092586 0.079614
0 0.533763 0.085878 0.091542 0.080397
0 0.431779 0.085748 0.099199 0.079092
0 0.329795 0.089272 0.094326 0.080919
0 0.233554 0.086792 0.089802 0.080658
