0 0.754508 0.941368 0.094313 0.086063
0 0.654820 0.945528 0.099515 0.094384
0 0.547850 0.948518 0.109570 0.097764
0 0.450243 0.945008 0.094660 0.083983
0 0.346047 0.948258 0.097087 0.086323
0 0.246359 0.947478 0.095354 0.087884
0 0.753121 0.846854 0.097087 0.085283
0 0.649445 0.847114 0.093620 0.084763
0 0.551144 0.849064 0.095354 0.085543
0 0.451283 0.846854 0.096047 0.086323
0 0.343447 0.846204 0.095354 0.083983
0 0.240638 0.848414 0.096394 0.085803
0 0.750173 0.758060 0.096047 0.085543
0 0.651526 0.758970 0.096394 0.085283
0 0.550971 0.761830 0.096394 0.088404
0 0.450416 0.760010 0.096394 0.086843
0 0.343793 0.758710 0.094660 0.087363
0 0.236650 0.760270 0.096741 0.086323
0 0.742545 0.666147 0.098128 0.085283
0 0.636616 0.666407 0.097781 0.085803
0 0.491331 0.669397 0.180305 0.085023
0 0.344487 0.668357 0.098128 0.083463
0 0.238384 0.669397 0.096741 0.083983
0 0.755374 0.569813 0.098128 0.083983
0 0.651872 0.570983 0.097087 0.083723
0 0.549584 0.571373 0.095700 0.083463
0 0.447816 0.569683 0.096047 0.083723
0 0.344140 0.569813 0.096741 0.085023
0 0.237171 0.574103 0.097781 0.083203
0 0.751040 0.472179 0.096394 0.082683
0 0.653433 0.471919 0.098821 0.085803
0 0.547157 0.477249 0.093620 0.081903
0 0.441054 0.479199 0.093620 0.083203
0 0.340153 0.478419 0.094313 0.082163
0 0.233183 0.481279 0.093273 0.085283
0 0.745839 0.378835 0.092926 0.083203
0 0.648578 0.381305 0.095354 0.083983
0 0.545250 0.385725 0.093967 0.082423
0 0.442094 0.386505 0.093620 0.082423
0 0.341019 0.386765 0.094660 0.083463
0 0.238904 0.388196 0.096394 0.085803
0 0.733356 0.280031 0.095700 0.083203
0 0.585992 0.283151 0.178225 0.082683
0 0.442614 0.284841 0.093273 0.082423
0 0.339979 0.288612 0.093273 0.084763
0 0.239078 0.289522 0.095354 0.081383
0 0.735957 0.187467 0.090499 0.081123
0 0.641470 0.187467 0.090153 0.080083
0 0.541956 0.189548 0.093620 0.081123
0 0.445908 0.190198 0.090846 0.082423
0 0.344140 0.190588 0.093273 0.080603
0 0.240118 0.195658 0.090499 0.080863
0 0.727288 0.095424 0.095354 0.080603
0 0.630201 0.094514 0.090499 0.081383
0 0.536581 0.096854 0.090499 0.079303
0 0.440361 0.098154 0.091540 0.081903
0 0.343967 0.098544 0.090153 0.080083
0 0.243585 0.101664 0.090499 0.081123
