0 0.672619 0.945378 0.098039 0.088235
0 0.570553 0.952468 0.092087 0.091912
0 0.460434 0.952600 0.102241 0.086922
0 0.302696 0.955620 0.186625 0.087185
0 0.724790 0.847689 0.258403 0.084034
0 0.497549 0.848871 0.183473 0.083771
0 0.304972 0.852547 0.185574 0.087447
0 0.782563 0.751838 0.144258 0.084034
0 0.601541 0.756303 0.182073 0.085609
0 0.414741 0.762211 0.184524 0.082721
0 0.754377 0.665047 0.096989 0.083771
0 0.613445 0.667411 0.182773 0.085872
0 0.469188 0.669643 0.098739 0.085084
0 0.367997 0.668986 0.096639 0.084296
0 0.261730 0.711660 0.102591 0.162815
0 0.769433 0.568934 0.093487 0.084821
0 0.667542 0.571691 0.096289 0.084034
0 0.566702 0.574842 0.094888 0.084559
0 0.465686 0.578650 0.095238 0.085872
0 0.363620 0.582458 0.097689 0.086660
0 0.259454 0.585084 0.098039 0.084034
0 0.758754 0.470982 0.097339 0.085872
0 0.659314 0.473871 0.094538 0.085347
0 0.558473 0.476759 0.095238 0.082721
0 0.458158 0.477285 0.094888 0.083771
0 0.360119 0.480699 0.096289 0.085347
0 0.255077 0.486082 0.099790 0.083508
0 0.761555 0.373818 0.097339 0.083246
0 0.656162 0.373293 0.094538 0.084821
0 0.556723 0.375263 0.095238 0.086134
0 0.459034 0.373950 0.095938 0.086134
0 0.358368 0.382222 0.099790 0.098477
0 0.250875 0.381171 0.096289 0.087447
0 0.764006 0.280331 0.093838 0.083771
0 0.662990 0.281250 0.094888 0.084559
0 0.556197 0.283613 0.094888 0.085609
0 0.454657 0.281775 0.097689 0.084034
0 0.354867 0.284007 0.098389 0.085872
0 0.252101 0.284533 0.097339 0.083246
0 0.762080 0.193015 0.096289 0.081408
0 0.659139 0.191964 0.093487 0.083508
0 0.556723 0.190126 0.095238 0.083508
0 0.452381 0.190914 0.095238 0.084034
0 0.352591 0.193934 0.097339 0.083246
0 0.247199 0.189732 0.096639 0.081145
0 0.759104 0.094932 0.094538 0.079569
0 0.659489 0.093225 0.092787 0.081408
0 0.556898 0.092437 0.092787 0.081408
0 0.457983 0.090467 0.098039 0.082721
0 0.353291 0.094275 0.101541 0.084559
0 0.245973 0.096901 0.100490 0.086134
