0 0.643215 0.866407 0.197995 0.105532
0 0.430541 0.869361 0.197279 0.104995
0 0.259219 0.861976 0.104547 0.095059
0 0.722342 0.747852 0.098460 0.087540
0 0.616541 0.750671 0.100251 0.087272
0 0.510204 0.754162 0.098818 0.089420
0 0.392052 0.755773 0.112424 0.103383
0 0.272467 0.756847 0.111708 0.103921
0 0.727175 0.650107 0.115288 0.101504
0 0.602936 0.648496 0.115288 0.102041
0 0.484067 0.644200 0.100251 0.089151
0 0.372001 0.647422 0.097386 0.089151
0 0.267633 0.648228 0.098460 0.089151
0 0.798604 0.548738 0.098460 0.087809
0 0.695310 0.552095 0.096670 0.089151
0 0.590405 0.549678 0.095954 0.083244
0 0.485141 0.551289 0.102399 0.088614
0 0.375940 0.549141 0.098102 0.088614
0 0.271035 0.547530 0.100251 0.090763
0 0.729860 0.447100 0.102757 0.089689
0 0.621733 0.446429 0.101325 0.087272
0 0.517186 0.446026 0.098460 0.086466
0 0.410849 0.450188 0.094880 0.085124
0 0.287146 0.448040 0.136054 0.084049
0 0.787683 0.337272 0.098818 0.086466
0 0.676692 0.339957 0.095238 0.085392
0 0.571608 0.340897 0.095596 0.084586
0 0.468672 0.343045 0.093806 0.084586
0 0.312746 0.343448 0.180093 0.093448
0 0.769066 0.217240 0.103831 0.088077
0 0.651450 0.217911 0.098460 0.085124
0 0.503938 0.223953 0.175797 0.086466
0 0.312388 0.228249 0.171500 0.084855
0 0.580021 0.080424 0.180451 0.084586
0 0.419083 0.088212 0.112782 0.097476
0 0.277479 0.098416 0.123881 0.113588
