0 0.660999 0.944575 0.096461 0.087432
0 0.552741 0.943664 0.092991 0.090294
0 0.455586 0.948348 0.097849 0.087171
0 0.348716 0.948478 0.097849 0.086911
0 0.237856 0.950169 0.096114 0.086651
0 0.757460 0.841140 0.094379 0.086131
0 0.655795 0.840619 0.092991 0.084569
0 0.555690 0.838277 0.096808 0.086651
0 0.452984 0.843612 0.096114 0.085870
0 0.348196 0.844523 0.095420 0.087171
0 0.239938 0.844002 0.095420 0.085090
0 0.756766 0.744470 0.097155 0.083789
0 0.549965 0.741608 0.092991 0.087432
0 0.448994 0.743560 0.097155 0.087171
0 0.346461 0.742909 0.095420 0.084309
0 0.244275 0.747723 0.095767 0.090294
0 0.753643 0.649883 0.097155 0.084569
0 0.651110 0.647021 0.094032 0.085090
0 0.550312 0.644939 0.097155 0.085090
0 0.449861 0.645329 0.096808 0.087432
0 0.352533 0.647021 0.093685 0.084049
0 0.248612 0.644679 0.097502 0.087171
0 0.747918 0.554385 0.096114 0.081967
0 0.647814 0.549310 0.093685 0.082748
0 0.549618 0.552433 0.093685 0.080666
0 0.449861 0.552043 0.094032 0.081447
0 0.344032 0.566224 0.095420 0.081187
0 0.747918 0.470856 0.091256 0.081967
0 0.642436 0.467994 0.094032 0.085090
0 0.542679 0.467734 0.095073 0.081967
0 0.438931 0.468124 0.094379 0.082748
0 0.249827 0.505985 0.256072 0.154827
0 0.752255 0.378350 0.092991 0.083789
0 0.652325 0.376269 0.092991 0.083789
0 0.552568 0.376659 0.092644 0.083528
0 0.452464 0.377179 0.093685 0.084569
0 0.348890 0.374707 0.094726 0.082227
0 0.243928 0.377960 0.096461 0.084569
0 0.735253 0.292220 0.095073 0.080666
0 0.641568 0.290138 0.091603 0.083268
0 0.543720 0.290138 0.093685 0.081707
0 0.445524 0.289487 0.093685 0.081967
0 0.344899 0.288837 0.095767 0.083268
0 0.242540 0.288837 0.093685 0.081707
0 0.734386 0.203227 0.094032 0.095759
0 0.640527 0.193729 0.093685 0.081967
0 0.539556 0.193729 0.092991 0.081967
0 0.439452 0.190606 0.091950 0.083528
0 0.340562 0.191907 0.095420 0.083528
0 0.240285 0.191517 0.094726 0.083789
0 0.729528 0.105256 0.091256 0.081967
0 0.636537 0.102394 0.091950 0.081447
0 0.540250 0.100572 0.093685 0.081447
0 0.444310 0.100703 0.094726 0.080666
0 0.344032 0.101093 0.093338 0.081447
0 0.240632 0.101093 0.095420 0.081447
