0 0.657940 0.945008 0.098821 0.086063
0 0.554785 0.947218 0.095007 0.086323
0 0.454924 0.945658 0.097087 0.091004
0 0.354022 0.945008 0.096394 0.084503
0 0.251560 0.941368 0.091886 0.083983
0 0.762483 0.855174 0.092926 0.083203
0 0.663488 0.857124 0.096047 0.084503
0 0.555132 0.858424 0.097781 0.087103
0 0.451630 0.856084 0.093967 0.087103
0 0.355756 0.857254 0.099861 0.087363
0 0.253467 0.856864 0.094313 0.085023
0 0.761096 0.769891 0.093620 0.085283
0 0.661061 0.768331 0.094660 0.083203
0 0.560506 0.768201 0.094660 0.084503
0 0.455097 0.767551 0.093967 0.084243
0 0.359397 0.765081 0.094660 0.087103
0 0.257455 0.765991 0.093967 0.085283
0 0.764736 0.670437 0.095354 0.086583
0 0.665569 0.668227 0.095354 0.085803
0 0.560160 0.667057 0.095354 0.086583
0 0.457178 0.666797 0.094660 0.085543
0 0.357143 0.666797 0.093620 0.084503
0 0.253814 0.666667 0.097087 0.085803
0 0.764910 0.575533 0.094313 0.085023
0 0.662795 0.576183 0.096047 0.083723
0 0.562587 0.574623 0.093273 0.084243
0 0.458564 0.577743 0.093273 0.080603
0 0.355409 0.574883 0.091540 0.082683
0 0.249653 0.577483 0.092233 0.082683
0 0.762829 0.476079 0.091540 0.085283
0 0.657940 0.474779 0.093967 0.082683
0 0.554612 0.476209 0.091886 0.085023
0 0.453363 0.478809 0.095354 0.083983
0 0.349688 0.479459 0.092580 0.080083
0 0.246879 0.481669 0.093620 0.081903
0 0.790569 0.378575 0.140083 0.082683
0 0.664702 0.376235 0.093620 0.085803
0 0.560680 0.378055 0.093620 0.083723
0 0.458564 0.382995 0.093967 0.083203
0 0.352288 0.388586 0.089459 0.092304
0 0.250347 0.386375 0.093620 0.080083
0 0.756761 0.286661 0.095354 0.082943
0 0.653606 0.283151 0.092233 0.082683
0 0.555479 0.284841 0.090153 0.081903
0 0.452150 0.287051 0.092926 0.082683
0 0.351595 0.290302 0.094313 0.083983
0 0.249307 0.293422 0.092926 0.079823
0 0.813280 0.185907 0.199376 0.095164
0 0.654473 0.192408 0.093273 0.081643
0 0.549584 0.196958 0.092233 0.081903
0 0.450763 0.195918 0.088766 0.081383
0 0.350381 0.203458 0.088419 0.090744
0 0.248786 0.201508 0.090499 0.079563
0 0.747920 0.100104 0.090153 0.079563
0 0.646845 0.105044 0.095354 0.082683
0 0.548024 0.101014 0.091886 0.078783
0 0.451803 0.102444 0.093620 0.083723
0 0.354542 0.108034 0.089806 0.089704
0 0.233183 0.095944 0.136963 0.119085
