0 0.742540 0.941192 0.197085 0.084830
0 0.582929 0.942753 0.104788 0.085350
0 0.478487 0.942753 0.095073 0.086391
0 0.370923 0.947047 0.099237 0.096539
0 0.264226 0.944314 0.098890 0.085870
0 0.751908 0.852719 0.097155 0.085870
0 0.642956 0.854020 0.097849 0.084309
0 0.543373 0.854411 0.093685 0.089253
0 0.349237 0.851028 0.264053 0.090294
0 0.769951 0.749284 0.095767 0.086131
0 0.669327 0.750846 0.097155 0.086651
0 0.566620 0.751496 0.097849 0.088993
0 0.463740 0.751496 0.093338 0.086391
0 0.361728 0.751626 0.094726 0.085090
0 0.263879 0.752147 0.094726 0.087692
0 0.772033 0.651704 0.094379 0.087171
0 0.670541 0.653396 0.092644 0.085350
0 0.567835 0.654827 0.098890 0.086651
0 0.466343 0.655738 0.097155 0.086911
0 0.366412 0.655087 0.093685 0.087171
0 0.264226 0.658600 0.094032 0.083789
0 0.766655 0.561801 0.095420 0.086391
0 0.667418 0.561020 0.095420 0.085350
0 0.568008 0.560890 0.097155 0.084569
0 0.469292 0.559849 0.092644 0.084049
0 0.370923 0.561150 0.093685 0.081447
0 0.265961 0.567916 0.094032 0.088212
0 0.764920 0.474369 0.095420 0.083268
0 0.665163 0.473588 0.093685 0.082227
0 0.568182 0.475150 0.091256 0.080146
0 0.469466 0.473198 0.092991 0.081447
0 0.368147 0.470336 0.093685 0.083008
0 0.270125 0.476581 0.095420 0.089253
0 0.763532 0.376659 0.096114 0.081967
0 0.660305 0.377179 0.092991 0.081967
0 0.563845 0.379651 0.092991 0.081187
0 0.463914 0.378350 0.097155 0.083789
0 0.365371 0.379001 0.092991 0.085090
0 0.267696 0.370154 0.094032 0.092376
0 0.766482 0.292220 0.091603 0.083268
0 0.668633 0.293391 0.093685 0.080926
0 0.568702 0.293130 0.097155 0.082488
0 0.466343 0.291829 0.095073 0.085090
0 0.370402 0.292090 0.091256 0.081967
0 0.765961 0.206609 0.091256 0.080146
0 0.670715 0.208561 0.094379 0.079886
0 0.570958 0.210513 0.094726 0.082748
0 0.468078 0.209472 0.092297 0.080666
0 0.366065 0.210903 0.094379 0.079365
0 0.264226 0.247203 0.097502 0.150924
0 0.796495 0.108899 0.198820 0.086651
0 0.643824 0.104476 0.091256 0.081447
0 0.546149 0.108639 0.091603 0.083008
0 0.445003 0.107728 0.087786 0.078584
0 0.305344 0.116185 0.170715 0.091855
