0 0.674200 0.889179 0.097357 0.087093
0 0.568324 0.890743 0.098401 0.088136
0 0.464882 0.893742 0.098053 0.084746
0 0.359527 0.895176 0.093880 0.086050
0 0.255389 0.896610 0.096314 0.086832
0 0.787031 0.786571 0.102573 0.102477
0 0.667594 0.797914 0.094576 0.085007
0 0.563630 0.798957 0.095271 0.083963
0 0.460535 0.799478 0.096314 0.083963
0 0.358136 0.799870 0.093185 0.084746
0 0.257302 0.799218 0.098053 0.085007
0 0.782684 0.698827 0.106398 0.094915
0 0.674026 0.696610 0.097705 0.085267
0 0.569193 0.701434 0.098053 0.086050
0 0.461926 0.702347 0.094228 0.082660
0 0.358136 0.702738 0.098053 0.087093
0 0.256259 0.704954 0.091099 0.084224
0 0.769993 0.591004 0.098401 0.085267
0 0.670202 0.593872 0.094924 0.083181
0 0.565369 0.595828 0.095271 0.079791
0 0.463317 0.596219 0.094924 0.082660
0 0.360918 0.601956 0.093880 0.084224
0 0.256780 0.604302 0.097010 0.084746
0 0.771036 0.493872 0.096314 0.083963
0 0.668463 0.496089 0.096314 0.084746
0 0.565542 0.500130 0.095619 0.080834
0 0.463665 0.503259 0.095619 0.083442
0 0.360223 0.505346 0.095967 0.080834
0 0.259388 0.507040 0.095271 0.082138
0 0.771036 0.403520 0.098401 0.079531
0 0.668985 0.402868 0.097357 0.082399
0 0.562587 0.405476 0.093880 0.080834
0 0.460535 0.409909 0.094924 0.080834
0 0.360049 0.410430 0.092142 0.081356
0 0.261474 0.409909 0.096662 0.080834
0 0.710014 0.296741 0.178025 0.083442
0 0.568324 0.300391 0.094924 0.083442
0 0.465751 0.301825 0.096314 0.083181
0 0.368046 0.299870 0.097010 0.084485
0 0.734875 0.205346 0.260431 0.083703
0 0.555633 0.207692 0.093880 0.081617
0 0.458102 0.210169 0.094924 0.081356
0 0.359353 0.210300 0.093533 0.080052
0 0.260605 0.212516 0.089360 0.077184
0 0.730181 0.108866 0.094576 0.079531
0 0.632650 0.107171 0.091446 0.077705
0 0.536683 0.105997 0.094228 0.079009
0 0.440716 0.107301 0.089360 0.079009
0 0.305459 0.120860 0.172114 0.097262
