0 0.627907 0.928813 0.095800 0.085112
0 0.531586 0.929724 0.093370 0.084852
0 0.433183 0.932587 0.097883 0.086413
0 0.332523 0.934539 0.097883 0.086674
0 0.235161 0.939485 0.094759 0.088235
0 0.622180 0.829906 0.094759 0.085112
0 0.523256 0.833030 0.094759 0.081468
0 0.429018 0.833680 0.093717 0.083811
0 0.329226 0.837715 0.095453 0.085112
0 0.232211 0.838886 0.095106 0.083811
0 0.736376 0.787611 0.097536 0.160854
0 0.619056 0.741281 0.095453 0.082769
0 0.469281 0.745185 0.180493 0.087975
0 0.326970 0.748568 0.093717 0.082769
0 0.232385 0.751041 0.095453 0.085112
0 0.736203 0.650052 0.093717 0.096044
0 0.637279 0.645107 0.093717 0.082509
0 0.534537 0.645237 0.093023 0.082769
0 0.434398 0.647189 0.091982 0.084071
0 0.335994 0.648360 0.093023 0.083811
0 0.232211 0.649401 0.093717 0.084331
0 0.732558 0.550885 0.091288 0.084071
0 0.631899 0.548803 0.092676 0.082509
0 0.533322 0.549453 0.093370 0.082769
0 0.436654 0.550234 0.094412 0.080167
0 0.337383 0.548673 0.093717 0.083290
0 0.232558 0.552186 0.090941 0.081468
0 0.726831 0.447553 0.095106 0.081989
0 0.629642 0.451458 0.092329 0.081989
0 0.535925 0.450937 0.090246 0.083030
0 0.441687 0.456663 0.089205 0.089797
0 0.342069 0.453149 0.096147 0.082769
0 0.234641 0.454971 0.093717 0.080687
0 0.723707 0.354112 0.093023 0.081989
0 0.626692 0.361010 0.091288 0.096304
0 0.527595 0.356195 0.089552 0.079906
0 0.433183 0.358017 0.093023 0.081989
0 0.338945 0.358407 0.093370 0.080687
0 0.239153 0.358017 0.092329 0.079386
0 0.719368 0.258719 0.091288 0.081208
0 0.625824 0.258719 0.090941 0.082769
0 0.526380 0.261452 0.093370 0.081989
0 0.428671 0.260932 0.089552 0.081989
0 0.336515 0.260021 0.091982 0.081208
0 0.239500 0.264706 0.090941 0.093701
0 0.733773 0.173477 0.092329 0.079906
0 0.637105 0.170354 0.094759 0.079386
0 0.540264 0.170224 0.093370 0.082769
0 0.437869 0.168662 0.093370 0.080687
0 0.340333 0.168011 0.091288 0.079386
0 0.738459 0.085242 0.091288 0.079386
0 0.642312 0.084331 0.094759 0.077564
0 0.540958 0.080427 0.091982 0.083811
0 0.444811 0.081728 0.093370 0.081208
0 0.345366 0.080297 0.093023 0.079906
0 0.241409 0.119209 0.091288 0.153566
