0 0.652182 0.932068 0.100873 0.090314
0 0.550436 0.942670 0.098429 0.089529
0 0.446771 0.945157 0.097033 0.087696
0 0.346073 0.943848 0.095986 0.085079
0 0.241187 0.945942 0.095637 0.088220
0 0.748517 0.832461 0.096684 0.087435
0 0.646073 0.837304 0.101222 0.087173
0 0.547469 0.839005 0.098080 0.087435
0 0.445724 0.842016 0.093543 0.084555
0 0.345026 0.845550 0.094590 0.084817
0 0.245550 0.847906 0.094590 0.085864
0 0.741361 0.736257 0.097731 0.088743
0 0.640140 0.737958 0.094241 0.086911
0 0.543630 0.740052 0.095288 0.086387
0 0.443455 0.746728 0.092496 0.097120
0 0.342583 0.747513 0.095986 0.085079
0 0.242757 0.749476 0.092496 0.083770
0 0.737696 0.642801 0.097382 0.085079
0 0.634555 0.642016 0.094241 0.087696
0 0.539965 0.644634 0.091449 0.084031
0 0.442757 0.645419 0.092496 0.085079
0 0.343281 0.646990 0.094590 0.082984
0 0.242583 0.647775 0.093543 0.082461
0 0.735951 0.551178 0.093892 0.085079
0 0.639267 0.552356 0.099476 0.080105
0 0.538394 0.550785 0.098778 0.083246
0 0.442757 0.555628 0.090401 0.081414
0 0.343106 0.557592 0.090750 0.080105
0 0.244154 0.553927 0.093194 0.081675
0 0.732810 0.460079 0.093194 0.082461
0 0.636300 0.460995 0.094241 0.081675
0 0.536998 0.461649 0.089005 0.079319
0 0.441361 0.459817 0.089703 0.081937
0 0.343805 0.460340 0.093543 0.081937
0 0.246073 0.461649 0.091449 0.082984
0 0.734729 0.367539 0.094939 0.079058
0 0.637347 0.368063 0.092845 0.081675
0 0.540838 0.367539 0.088307 0.080628
0 0.440838 0.367408 0.090750 0.080366
0 0.342234 0.368586 0.092496 0.081152
0 0.245375 0.368717 0.090750 0.080366
0 0.723037 0.272906 0.092496 0.078796
0 0.629145 0.273691 0.093194 0.079843
0 0.531763 0.276178 0.092496 0.081152
0 0.435428 0.277356 0.091798 0.082461
0 0.339791 0.279058 0.095986 0.081675
0 0.242932 0.279712 0.090750 0.080366
0 0.726353 0.179843 0.094241 0.078534
0 0.630716 0.180628 0.091449 0.080105
0 0.535079 0.179581 0.090750 0.080628
0 0.437522 0.178927 0.093892 0.080366
0 0.341012 0.181937 0.090052 0.079581
0 0.244677 0.186257 0.092147 0.079319
0 0.664747 0.090576 0.172077 0.081675
0 0.528272 0.092277 0.093892 0.078272
0 0.433333 0.092670 0.092496 0.078010
0 0.338569 0.093455 0.090052 0.081152
0 0.243630 0.098822 0.087260 0.083508
