0 0.673050 0.934073 0.101671 0.088512
0 0.572946 0.936292 0.102019 0.091906
0 0.469708 0.935117 0.100975 0.090601
0 0.371692 0.936684 0.095056 0.089034
0 0.269499 0.940209 0.091922 0.093473
0 0.762535 0.839556 0.098189 0.084856
0 0.664345 0.840078 0.096797 0.083812
0 0.565111 0.841775 0.100279 0.085640
0 0.467967 0.842689 0.097493 0.084856
0 0.369603 0.845300 0.097841 0.083290
0 0.244951 0.845431 0.144499 0.080940
0 0.761316 0.746084 0.097145 0.083812
0 0.660864 0.747650 0.094708 0.085379
0 0.562152 0.752219 0.095752 0.094517
0 0.463092 0.747389 0.096797 0.086423
0 0.364903 0.747389 0.094708 0.085901
0 0.242862 0.748042 0.143802 0.083551
0 0.755049 0.649217 0.099234 0.084334
0 0.658252 0.650131 0.096448 0.083551
0 0.563719 0.649869 0.094011 0.083029
0 0.466574 0.652350 0.093315 0.084334
0 0.372040 0.651175 0.095752 0.084073
0 0.274547 0.653133 0.092270 0.084334
0 0.754875 0.552480 0.100279 0.081462
0 0.660341 0.555614 0.095752 0.080940
0 0.562326 0.555875 0.093315 0.081462
0 0.461525 0.556527 0.092967 0.080157
0 0.366992 0.559138 0.094011 0.082768
0 0.247911 0.560183 0.135794 0.082245
0 0.745299 0.467493 0.096448 0.090078
0 0.651636 0.465144 0.095752 0.081723
0 0.556407 0.463838 0.093315 0.080157
0 0.461351 0.465405 0.091226 0.080679
0 0.365251 0.469582 0.096100 0.090601
0 0.249826 0.465144 0.129875 0.077546
0 0.741295 0.370104 0.095404 0.080679
0 0.646762 0.373368 0.096448 0.080940
0 0.552403 0.375587 0.093663 0.079112
0 0.454909 0.377546 0.093663 0.090862
0 0.359331 0.375718 0.094011 0.081462
0 0.252089 0.377937 0.116992 0.081201
0 0.735550 0.274151 0.095056 0.080940
0 0.641713 0.282245 0.093315 0.089295
0 0.548921 0.277154 0.092270 0.079112
0 0.454561 0.281723 0.091574 0.080418
0 0.359157 0.284334 0.094359 0.080418
0 0.252611 0.287206 0.124304 0.079373
0 0.732591 0.192428 0.089136 0.078329
0 0.641713 0.191253 0.091226 0.078068
0 0.544220 0.192950 0.091226 0.078851
0 0.449861 0.195431 0.090529 0.077546
0 0.361247 0.197911 0.089485 0.078329
0 0.253134 0.199347 0.118384 0.074935
0 0.732591 0.106789 0.095404 0.078851
0 0.640320 0.106005 0.092618 0.077807
0 0.549095 0.091775 0.087047 0.105222
0 0.454039 0.106136 0.091922 0.076501
0 0.361072 0.086684 0.090529 0.117493
0 0.245299 0.110705 0.130571 0.077807
