0 0.403497 0.736297 0.097203 0.094152
0 0.292483 0.734592 0.098951 0.094938
0 0.620455 0.629163 0.098951 0.091267
0 0.510315 0.626803 0.093357 0.097036
0 0.408217 0.631655 0.092657 0.095201
0 0.291958 0.632048 0.094406 0.098610
0 0.728497 0.512457 0.096154 0.094938
0 0.615385 0.519670 0.094406 0.082088
0 0.508916 0.512720 0.092657 0.094414
0 0.406294 0.524390 0.093706 0.079990
0 0.292657 0.520587 0.093706 0.094414
0 0.692483 0.391031 0.187063 0.107002
0 0.505769 0.391162 0.179371 0.103068
0 0.317483 0.400341 0.155245 0.121427
0 0.686713 0.253737 0.168531 0.129819
0 0.516434 0.252688 0.156643 0.125098
0 0.329895 0.245869 0.183566 0.099921
0 0.690385 0.099659 0.182867 0.099659
0 0.499650 0.102544 0.179021 0.097561
0 0.312937 0.113821 0.150350 0.115919
