0 0.649723 0.948911 0.096819 0.085581
0 0.548755 0.947614 0.091978 0.085581
0 0.450726 0.945150 0.092324 0.086878
0 0.353389 0.945410 0.091978 0.083766
0 0.259163 0.954487 0.093707 0.084803
0 0.754841 0.843231 0.096127 0.084284
0 0.655429 0.841546 0.092324 0.082988
0 0.557054 0.844917 0.094053 0.083506
0 0.460062 0.846603 0.092324 0.083247
0 0.358057 0.845047 0.090941 0.083766
0 0.259509 0.848937 0.090941 0.091546
0 0.756570 0.751556 0.092669 0.083506
0 0.654564 0.749741 0.094053 0.082469
0 0.552559 0.751426 0.092669 0.084284
0 0.454011 0.750130 0.094053 0.084284
0 0.358057 0.752982 0.094398 0.083766
0 0.258645 0.751037 0.090595 0.083506
0 0.748098 0.654435 0.095781 0.081172
0 0.648513 0.655991 0.090941 0.089471
0 0.552559 0.652619 0.094053 0.082210
0 0.455221 0.652619 0.091632 0.082210
0 0.358057 0.652230 0.092324 0.081950
0 0.265041 0.652230 0.091632 0.082988
0 0.768499 0.559518 0.150415 0.083247
0 0.642462 0.558999 0.094053 0.081691
0 0.547891 0.558221 0.090249 0.082728
0 0.453665 0.560036 0.091286 0.079098
0 0.356501 0.560685 0.090595 0.080394
0 0.262967 0.561852 0.095781 0.082210
0 0.734094 0.471862 0.092669 0.079098
0 0.639350 0.471732 0.089903 0.077282
0 0.546680 0.471473 0.090595 0.080394
0 0.454357 0.472251 0.089903 0.078320
0 0.358230 0.471732 0.090595 0.078320
0 0.262794 0.470306 0.093361 0.078579
0 0.736342 0.376037 0.091632 0.079357
0 0.639523 0.376686 0.091632 0.079098
0 0.545989 0.377723 0.089903 0.081172
0 0.453147 0.379279 0.090941 0.080654
0 0.355982 0.381613 0.090249 0.081172
0 0.259163 0.381483 0.089557 0.079876
0 0.769191 0.285010 0.162172 0.080913
0 0.642116 0.284621 0.091978 0.080135
0 0.543050 0.282936 0.094398 0.082469
0 0.445367 0.284751 0.090595 0.080394
0 0.353562 0.287215 0.091632 0.081691
0 0.257607 0.288122 0.089903 0.078320
0 0.725104 0.198133 0.091286 0.078320
0 0.536653 0.198392 0.091978 0.080394
0 0.441909 0.194891 0.094053 0.079616
0 0.349412 0.193854 0.088866 0.079098
0 0.256570 0.194891 0.093361 0.081172
0 0.728216 0.107624 0.092669 0.076763
0 0.635028 0.108921 0.088174 0.076763
0 0.542704 0.109310 0.089557 0.078579
0 0.445885 0.106328 0.089557 0.076763
0 0.350622 0.107365 0.089903 0.077282
0 0.256570 0.109829 0.087828 0.077023
