0 0.646281 0.950701 0.101163 0.088025
0 0.539126 0.949511 0.096933 0.087761
0 0.437963 0.949379 0.093409 0.083796
0 0.337681 0.948586 0.097991 0.083267
0 0.233874 0.947132 0.092704 0.087232
0 0.742686 0.845361 0.097286 0.085646
0 0.645400 0.844039 0.092351 0.083532
0 0.546176 0.845890 0.098343 0.084589
0 0.440430 0.849590 0.095523 0.084060
0 0.338914 0.851308 0.096933 0.084325
0 0.236517 0.848269 0.095876 0.093048
0 0.746740 0.739625 0.097638 0.085646
0 0.647515 0.741607 0.095171 0.086968
0 0.548819 0.747951 0.095171 0.097013
0 0.443074 0.743854 0.097286 0.087761
0 0.342087 0.744911 0.096228 0.086175
0 0.241276 0.739360 0.091294 0.087761
0 0.745858 0.643140 0.094466 0.084589
0 0.645929 0.641290 0.096933 0.084060
0 0.543708 0.642083 0.093409 0.084060
0 0.447480 0.644066 0.096933 0.088025
0 0.343497 0.646709 0.093409 0.083796
0 0.242510 0.643933 0.097991 0.085118
0 0.750264 0.549167 0.094114 0.084325
0 0.648396 0.549035 0.095523 0.081946
0 0.548467 0.551679 0.094466 0.081946
0 0.749736 0.458234 0.095171 0.083796
0 0.648220 0.462596 0.095171 0.083532
0 0.548290 0.464578 0.094114 0.079566
0 0.445189 0.555379 0.092351 0.084060
0 0.445189 0.466561 0.095876 0.083532
0 0.345259 0.505287 0.094818 0.157811
0 0.246563 0.514142 0.093409 0.170764
0 0.732464 0.367037 0.094466 0.080095
0 0.633944 0.369416 0.090589 0.080624
0 0.543179 0.375496 0.090941 0.080624
0 0.445365 0.374967 0.090589 0.081153
0 0.342439 0.373645 0.089884 0.082739
0 0.243920 0.376289 0.091646 0.081153
0 0.732111 0.281787 0.093056 0.090404
0 0.638174 0.282183 0.094114 0.095427
0 0.540007 0.282976 0.093761 0.083267
0 0.442192 0.283241 0.091999 0.081153
0 0.344378 0.281126 0.091646 0.080095
0 0.248326 0.282183 0.087769 0.079566
0 0.737751 0.187417 0.094466 0.079831
0 0.642404 0.187417 0.093409 0.078773
0 0.542651 0.187021 0.091294 0.079566
0 0.444484 0.189268 0.090941 0.079831
0 0.343673 0.192043 0.091646 0.077452
0 0.248854 0.193762 0.090941 0.081946
0 0.732464 0.101242 0.094466 0.076659
0 0.637117 0.100449 0.093409 0.079302
0 0.537892 0.106397 0.094466 0.079038
0 0.442369 0.103754 0.091646 0.079038
0 0.348784 0.104811 0.089884 0.078509
0 0.251851 0.105736 0.091999 0.079302
