0 0.606350 0.948204 0.091256 0.078605
0 0.507460 0.949245 0.092644 0.079646
0 0.412734 0.950156 0.091950 0.081468
0 0.315406 0.955752 0.090215 0.081728
0 0.218251 0.950677 0.091603 0.081989
0 0.713914 0.862051 0.091256 0.079646
0 0.611207 0.862702 0.094032 0.077824
0 0.511624 0.868298 0.091950 0.086413
0 0.316100 0.865305 0.093685 0.081989
0 0.204892 0.865695 0.119015 0.081208
0 0.620749 0.780713 0.260236 0.083030
0 0.415684 0.776158 0.092991 0.081728
0 0.312804 0.773555 0.094032 0.084331
0 0.192748 0.775247 0.141221 0.084071
0 0.718772 0.688183 0.090562 0.085893
0 0.617453 0.692608 0.088480 0.094222
0 0.523248 0.690526 0.090909 0.102030
0 0.423491 0.687793 0.089174 0.092400
0 0.323560 0.680765 0.092644 0.079906
0 0.221201 0.681416 0.092644 0.078605
0 0.616933 0.583420 0.090909 0.079906
0 0.525330 0.583030 0.088827 0.079646
0 0.428175 0.583290 0.090215 0.078605
0 0.327550 0.584852 0.090215 0.078084
0 0.227793 0.586283 0.093338 0.079386
0 0.708709 0.493883 0.094726 0.080427
0 0.602186 0.483863 0.098196 0.104633
0 0.498959 0.493623 0.092991 0.086674
0 0.308813 0.495445 0.252602 0.079906
0 0.763706 0.384565 0.163081 0.081989
0 0.629424 0.384826 0.095767 0.079906
0 0.531402 0.389120 0.087092 0.079125
0 0.434768 0.390031 0.092991 0.081468
0 0.333102 0.398490 0.090909 0.091619
0 0.227446 0.391723 0.094726 0.081728
0 0.728661 0.285008 0.094379 0.082249
0 0.630812 0.288001 0.090909 0.082509
0 0.533657 0.288912 0.090909 0.081728
0 0.431645 0.292556 0.095073 0.082769
0 0.329806 0.291255 0.094726 0.082769
0 0.723456 0.201067 0.090909 0.079386
0 0.627689 0.201588 0.088827 0.079386
0 0.531749 0.200547 0.089174 0.079386
0 0.432165 0.197553 0.089174 0.080167
0 0.328244 0.197293 0.090215 0.080687
0 0.228140 0.199766 0.092644 0.080427
0 0.713567 0.101900 0.091950 0.079906
0 0.618494 0.103852 0.091256 0.083811
0 0.526024 0.104503 0.090215 0.081468
0 0.427481 0.103722 0.093685 0.082509
0 0.329285 0.104503 0.092297 0.079906
0 0.229008 0.104112 0.092991 0.082249
