0 0.682952 0.945440 0.094941 0.082619
0 0.570859 0.944791 0.095981 0.082359
0 0.468122 0.947129 0.094941 0.084438
0 0.368503 0.946090 0.097367 0.084957
0 0.251559 0.946999 0.119196 0.083138
0 0.772176 0.849312 0.097367 0.085217
0 0.676888 0.851260 0.093902 0.083918
0 0.574324 0.853858 0.098060 0.087555
0 0.469854 0.858924 0.094941 0.083138
0 0.366771 0.861133 0.097367 0.086516
0 0.232502 0.859184 0.157311 0.078462
0 0.772523 0.757080 0.104990 0.083658
0 0.669958 0.759418 0.097367 0.088335
0 0.566528 0.761367 0.096327 0.085996
0 0.468988 0.765134 0.097367 0.085737
0 0.366424 0.768511 0.094595 0.082099
0 0.263860 0.772668 0.091823 0.086256
0 0.758663 0.664848 0.094595 0.082619
0 0.662162 0.666537 0.094941 0.081839
0 0.563410 0.669654 0.093555 0.083398
0 0.460672 0.670044 0.095981 0.085217
0 0.362093 0.670694 0.092862 0.082359
0 0.262128 0.675240 0.095288 0.083658
0 0.741857 0.566641 0.094941 0.082619
0 0.647089 0.570278 0.094595 0.086776
0 0.551629 0.570408 0.092862 0.084438
0 0.457380 0.573526 0.092862 0.081839
0 0.361573 0.573655 0.093209 0.080540
0 0.261261 0.582619 0.093555 0.088594
0 0.737699 0.474669 0.093555 0.080540
0 0.641372 0.475968 0.097020 0.083138
0 0.544525 0.479475 0.093209 0.081839
0 0.450797 0.484282 0.092169 0.081060
0 0.356029 0.486490 0.091130 0.078202
0 0.255891 0.488439 0.093902 0.081580
0 0.736486 0.387243 0.095288 0.079241
0 0.642238 0.388153 0.093902 0.078462
0 0.540887 0.391400 0.090090 0.079761
0 0.446466 0.392569 0.091823 0.078462
0 0.350139 0.394258 0.091823 0.080281
0 0.248614 0.393609 0.091130 0.079501
0 0.729037 0.294232 0.093555 0.082879
0 0.633229 0.292024 0.089051 0.080021
0 0.538462 0.295921 0.093555 0.083658
0 0.442654 0.294362 0.094595 0.080540
0 0.345461 0.299299 0.094248 0.080540
0 0.248960 0.302936 0.095288 0.081060
0 0.723146 0.205768 0.087318 0.077942
0 0.626126 0.204599 0.089397 0.079241
0 0.526161 0.204599 0.090437 0.077683
0 0.430007 0.207456 0.091476 0.079761
0 0.336798 0.206807 0.090783 0.077423
0 0.240298 0.207456 0.091823 0.079761
0 0.720201 0.111198 0.093902 0.077942
0 0.625260 0.112367 0.091130 0.078202
0 0.532571 0.113016 0.090783 0.076903
0 0.433992 0.113926 0.092516 0.078722
0 0.337318 0.117563 0.091823 0.088594
0 0.240991 0.117953 0.095288 0.091452
