0 0.662059 0.934828 0.096061 0.084219
0 0.560988 0.936901 0.095715 0.083182
0 0.454907 0.940788 0.097789 0.083182
0 0.347270 0.940140 0.098134 0.083960
0 0.241707 0.942083 0.095024 0.080591
0 0.757602 0.842317 0.095024 0.085255
0 0.660159 0.847499 0.095024 0.081627
0 0.560297 0.850479 0.094333 0.082405
0 0.458535 0.854626 0.096752 0.082923
0 0.347270 0.853330 0.096752 0.081886
0 0.241016 0.854885 0.096406 0.083441
0 0.755529 0.752915 0.094333 0.084219
0 0.660332 0.752656 0.096061 0.084737
0 0.562198 0.757580 0.096752 0.084219
0 0.456980 0.766520 0.095024 0.094325
0 0.355045 0.764317 0.093642 0.082146
0 0.248445 0.758357 0.107809 0.091474
0 0.749827 0.659627 0.098825 0.084219
0 0.654285 0.660923 0.094333 0.085255
0 0.559261 0.664032 0.097789 0.084219
0 0.440221 0.667401 0.093988 0.082664
0 0.345888 0.674527 0.092605 0.090697
0 0.251900 0.675564 0.093988 0.090179
0 0.739979 0.564265 0.094333 0.082664
0 0.646683 0.568412 0.090878 0.089920
0 0.554941 0.569448 0.090532 0.090438
0 0.447478 0.569578 0.091223 0.080332
0 0.350207 0.570096 0.094333 0.082923
0 0.247581 0.574242 0.095715 0.079813
0 0.727367 0.468386 0.087768 0.080591
0 0.636317 0.472013 0.094333 0.078518
0 0.544229 0.473957 0.094679 0.084996
0 0.443158 0.476030 0.095024 0.080332
0 0.346406 0.478751 0.091569 0.079036
0 0.250864 0.479788 0.099516 0.081109
0 0.732896 0.374449 0.092605 0.081886
0 0.638735 0.378595 0.090878 0.079813
0 0.545439 0.380150 0.092260 0.080332
0 0.450587 0.380928 0.093988 0.083960
0 0.349516 0.382871 0.092260 0.080073
0 0.249654 0.383519 0.091569 0.080332
0 0.733760 0.287639 0.094333 0.078777
0 0.636835 0.290749 0.093296 0.077740
0 0.544748 0.291138 0.090878 0.081109
0 0.448341 0.291526 0.092951 0.080332
0 0.350380 0.291656 0.089150 0.079036
0 0.249136 0.292304 0.092605 0.080332
0 0.722529 0.198497 0.092605 0.077222
0 0.630615 0.197720 0.091914 0.080332
0 0.535764 0.197590 0.091569 0.081627
0 0.440739 0.198497 0.095024 0.080850
0 0.347097 0.196294 0.091569 0.080591
0 0.247927 0.199145 0.089496 0.079554
0 0.726503 0.103265 0.091569 0.078518
0 0.633898 0.101451 0.091569 0.076963
0 0.540428 0.101581 0.090532 0.077740
0 0.445750 0.102358 0.089841 0.081886
0 0.348134 0.103006 0.093642 0.081627
0 0.251209 0.102099 0.093296 0.080850
