0 0.622069 0.907551 0.093793 0.086630
0 0.525172 0.912077 0.094483 0.094130
0 0.425690 0.912723 0.092069 0.095423
0 0.314310 0.917119 0.118276 0.099560
0 0.222759 0.921645 0.096552 0.100853
0 0.722414 0.797905 0.093103 0.080941
0 0.623793 0.799328 0.093793 0.082234
0 0.524655 0.799328 0.094138 0.083269
0 0.424828 0.799069 0.093793 0.082751
0 0.325000 0.801784 0.094828 0.084562
0 0.223448 0.802560 0.097931 0.083527
0 0.715345 0.700414 0.092069 0.083527
0 0.616897 0.700026 0.093793 0.082751
0 0.521897 0.698604 0.091379 0.081458
0 0.423448 0.702224 0.093103 0.088699
0 0.323276 0.699379 0.094828 0.084044
0 0.225690 0.699379 0.095517 0.080424
0 0.711379 0.599043 0.093103 0.081458
0 0.613793 0.602017 0.089655 0.080683
0 0.516552 0.599819 0.091724 0.080424
0 0.424310 0.600595 0.094828 0.084044
0 0.329138 0.600465 0.094138 0.080166
0 0.228103 0.603957 0.095517 0.081976
0 0.705345 0.502198 0.092759 0.080166
0 0.612414 0.501293 0.093103 0.078355
0 0.516552 0.500905 0.096552 0.082751
0 0.422586 0.505301 0.094828 0.079648
0 0.328276 0.504267 0.092414 0.081717
0 0.232931 0.507499 0.096207 0.080424
0 0.707931 0.397724 0.095172 0.080166
0 0.612931 0.400440 0.087931 0.079390
0 0.519828 0.399535 0.091379 0.080166
0 0.422931 0.403801 0.090690 0.079390
0 0.326034 0.403543 0.094828 0.081458
0 0.226207 0.403155 0.096552 0.079648
0 0.800690 0.297776 0.095862 0.080941
0 0.706379 0.296742 0.094828 0.078873
0 0.611724 0.300362 0.093793 0.079390
0 0.515517 0.298552 0.089655 0.081458
0 0.421207 0.298423 0.094138 0.079648
0 0.326897 0.302172 0.094483 0.084562
0 0.228966 0.303724 0.092414 0.081458
0 0.794828 0.207137 0.089655 0.078097
0 0.698966 0.206620 0.090345 0.078097
0 0.605345 0.208042 0.091379 0.078873
0 0.515172 0.209077 0.092414 0.080941
0 0.423448 0.209723 0.091724 0.080683
0 0.326034 0.210758 0.091379 0.079131
0 0.228966 0.212051 0.092414 0.079131
0 0.791379 0.115335 0.089655 0.078097
0 0.697586 0.116628 0.089655 0.077062
0 0.604138 0.116369 0.090345 0.079131
0 0.510517 0.113783 0.089310 0.079131
0 0.419138 0.110292 0.094828 0.081976
0 0.322586 0.111456 0.090000 0.082234
0 0.227414 0.111327 0.092069 0.081458
