0 0.513476 0.909173 0.263303 0.161959
0 0.340014 0.897383 0.093988 0.100026
0 0.241880 0.898419 0.096752 0.100544
0 0.726158 0.869008 0.144091 0.081627
0 0.766586 0.777663 0.157913 0.082923
0 0.636317 0.780902 0.094333 0.091993
0 0.540428 0.774683 0.092605 0.084737
0 0.441431 0.785955 0.095024 0.095880
0 0.342951 0.787898 0.093642 0.095621
0 0.242571 0.785696 0.096752 0.082405
0 0.741189 0.679192 0.093296 0.082923
0 0.644782 0.678932 0.092605 0.082923
0 0.544921 0.680617 0.093296 0.083700
0 0.441776 0.689168 0.106082 0.094066
0 0.347443 0.690334 0.095024 0.095361
0 0.242744 0.685929 0.095024 0.083441
0 0.744299 0.577740 0.093988 0.079036
0 0.644782 0.576574 0.092605 0.079295
0 0.544402 0.578259 0.091569 0.082146
0 0.446614 0.581498 0.091569 0.082405
0 0.347270 0.587587 0.094679 0.081627
0 0.244990 0.589013 0.092605 0.082923
0 0.742398 0.479399 0.094333 0.081368
0 0.644264 0.478881 0.091569 0.080332
0 0.544575 0.481342 0.090532 0.081627
0 0.444195 0.483804 0.095024 0.080332
0 0.345197 0.485229 0.093988 0.084219
0 0.250691 0.483545 0.091569 0.083441
0 0.737906 0.366027 0.091569 0.079036
0 0.648583 0.369396 0.089841 0.079036
0 0.546994 0.375745 0.093296 0.083960
0 0.451279 0.378466 0.092605 0.081627
0 0.349862 0.380021 0.095024 0.079554
0 0.249654 0.381187 0.093642 0.080850
0 0.757602 0.283104 0.131652 0.080073
0 0.643055 0.281550 0.092605 0.079554
0 0.548894 0.283364 0.090878 0.081109
0 0.451797 0.285307 0.091569 0.079813
0 0.353490 0.283104 0.093296 0.080073
0 0.251900 0.288935 0.092605 0.081368
0 0.729613 0.183597 0.090878 0.079554
0 0.634070 0.184633 0.093296 0.079036
0 0.539910 0.184504 0.089496 0.077740
0 0.445750 0.184633 0.091914 0.077999
0 0.352799 0.184763 0.092605 0.077740
0 0.255874 0.190334 0.095024 0.081627
0 0.735660 0.100933 0.090532 0.079036
0 0.641672 0.101969 0.089841 0.078518
0 0.543711 0.100155 0.088804 0.078518
0 0.445232 0.097175 0.090878 0.079295
0 0.351762 0.096268 0.089841 0.081109
0 0.253801 0.096139 0.095024 0.080850
