0 0.674124 0.938345 0.096080 0.083767
0 0.569372 0.939776 0.094693 0.081946
0 0.472251 0.939776 0.094693 0.084547
0 0.374610 0.940817 0.093652 0.084027
0 0.278182 0.941988 0.093652 0.085848
0 0.730663 0.839490 0.099549 0.083767
0 0.582206 0.842222 0.179327 0.087149
0 0.357614 0.849246 0.262921 0.092872
0 0.757197 0.740895 0.093652 0.082206
0 0.660770 0.741545 0.093652 0.083507
0 0.562955 0.742846 0.093652 0.082986
0 0.460458 0.744537 0.090531 0.082726
0 0.365071 0.743366 0.093999 0.084547
0 0.265695 0.747008 0.092959 0.082466
0 0.755463 0.642820 0.097121 0.083247
0 0.655914 0.643210 0.094346 0.081946
0 0.559313 0.643730 0.093306 0.081426
0 0.461325 0.643991 0.093652 0.080905
0 0.365591 0.645421 0.094346 0.083247
0 0.265349 0.649844 0.092265 0.081686
0 0.750954 0.553460 0.097121 0.078304
0 0.652792 0.553850 0.093652 0.081165
0 0.553243 0.553720 0.090184 0.082466
0 0.454388 0.555671 0.090184 0.080125
0 0.306105 0.557752 0.176552 0.081165
0 0.748352 0.454995 0.096774 0.080125
0 0.653313 0.456296 0.094693 0.080125
0 0.555324 0.456426 0.090878 0.079344
0 0.457683 0.457076 0.091918 0.080645
0 0.362123 0.457336 0.094346 0.080645
0 0.262400 0.460848 0.092612 0.079865
0 0.743496 0.360562 0.092612 0.078564
0 0.645508 0.361602 0.090878 0.079084
0 0.550642 0.363033 0.088450 0.079344
0 0.456122 0.362513 0.097121 0.082466
0 0.361776 0.364854 0.090184 0.079344
0 0.261707 0.365895 0.091918 0.079865
0 0.720083 0.265609 0.089490 0.080125
0 0.530871 0.267690 0.254943 0.079605
0 0.350676 0.269251 0.094346 0.081686
0 0.257544 0.273413 0.091918 0.080125
0 0.719736 0.183663 0.091571 0.077523
0 0.626604 0.183663 0.089143 0.077523
0 0.537461 0.183663 0.095387 0.078564
0 0.443982 0.182882 0.091571 0.078044
0 0.353798 0.185094 0.093652 0.081426
0 0.260493 0.187305 0.090878 0.078044
0 0.710891 0.103018 0.088450 0.075963
0 0.617412 0.104188 0.091571 0.076743
0 0.484218 0.101197 0.169268 0.075963
0 0.347381 0.101457 0.092612 0.078044
0 0.256330 0.099506 0.090878 0.078304
