0 0.729819 0.909186 0.094294 0.082985
0 0.614127 0.915057 0.096033 0.085334
0 0.712074 0.826070 0.094990 0.084812
0 0.609429 0.829854 0.092902 0.086117
0 0.367432 0.869650 0.350731 0.168319
0 0.762004 0.716728 0.093946 0.097338
0 0.644746 0.725209 0.097425 0.085595
0 0.543667 0.725600 0.093598 0.086378
0 0.440153 0.726514 0.095338 0.085595
0 0.340640 0.732124 0.098121 0.100470
0 0.237996 0.724687 0.096729 0.086639
0 0.766354 0.557411 0.147878 0.084029
0 0.435804 0.596294 0.480515 0.162839
0 0.500522 0.463205 0.091510 0.082463
0 0.381350 0.460204 0.093250 0.081681
0 0.264266 0.460204 0.092206 0.082724
0 0.695546 0.385308 0.176757 0.100992
0 0.453723 0.321895 0.132916 0.132307
0 0.284447 0.322156 0.133960 0.134395
0 0.686848 0.249348 0.178149 0.100470
0 0.684934 0.108559 0.176409 0.102296
0 0.386395 0.137004 0.342728 0.153967
