0 0.669375 0.923841 0.094666 0.084503
0 0.565171 0.927020 0.094666 0.086093
0 0.467149 0.927947 0.094313 0.087417
0 0.367538 0.927152 0.094313 0.088477
0 0.264041 0.929272 0.099965 0.087417
0 0.767573 0.830066 0.096079 0.085563
0 0.668315 0.832053 0.095373 0.084238
0 0.566937 0.832715 0.096079 0.086623
0 0.466796 0.832848 0.092194 0.085298
0 0.368421 0.830728 0.096079 0.085298
0 0.267220 0.833113 0.095019 0.083179
0 0.764924 0.738543 0.096432 0.084768
0 0.669905 0.739073 0.095726 0.085828
0 0.567467 0.739735 0.095019 0.086093
0 0.468032 0.737616 0.096079 0.086093
0 0.367538 0.739205 0.092900 0.083444
0 0.266337 0.743046 0.093960 0.083709
0 0.757330 0.645695 0.093960 0.083444
0 0.665666 0.643709 0.097139 0.084768
0 0.564995 0.644503 0.097139 0.084768
0 0.468386 0.645695 0.095373 0.084503
0 0.369128 0.648212 0.096079 0.082119
0 0.269163 0.649139 0.098905 0.083444
0 0.756270 0.550861 0.095373 0.083444
0 0.656835 0.552318 0.093606 0.083179
0 0.560933 0.552450 0.094666 0.083444
0 0.463794 0.552185 0.092547 0.080795
0 0.370187 0.552980 0.091134 0.081854
0 0.271989 0.554834 0.092547 0.083444
0 0.753091 0.459603 0.095373 0.080530
0 0.657012 0.461589 0.094666 0.084503
0 0.558460 0.459338 0.091840 0.082649
0 0.463440 0.460662 0.091840 0.081589
0 0.367361 0.461060 0.091134 0.080795
0 0.268103 0.461722 0.096786 0.079470
0 0.746733 0.368742 0.095373 0.082119
0 0.650124 0.369934 0.094313 0.080265
0 0.551925 0.370861 0.092900 0.083179
0 0.458142 0.369669 0.091840 0.080795
0 0.362769 0.369139 0.091840 0.083974
0 0.269163 0.371126 0.095373 0.080000
0 0.744613 0.279205 0.092547 0.080000
0 0.651183 0.283444 0.093606 0.082119
0 0.556517 0.281457 0.090781 0.080795
0 0.458848 0.281722 0.089721 0.081325
0 0.364182 0.284238 0.091840 0.079470
0 0.268280 0.284901 0.093606 0.080795
0 0.743200 0.195497 0.093960 0.079470
0 0.648004 0.195762 0.090074 0.080000
0 0.550689 0.196291 0.093960 0.076291
0 0.455493 0.195629 0.093606 0.080265
0 0.310138 0.194834 0.173790 0.078146
0 0.743730 0.100662 0.089368 0.077881
0 0.648357 0.102252 0.089368 0.077351
0 0.554751 0.101589 0.090781 0.080265
0 0.457965 0.100795 0.090074 0.080795
0 0.361180 0.100795 0.089368 0.078146
0 0.267927 0.102384 0.086542 0.078675
