0 0.457406 0.500000 0.095619 0.091004
0 0.356745 0.501565 0.095271 0.093090
0 0.261996 0.503520 0.097010 0.091786
0 0.630911 0.397132 0.096314 0.086050
0 0.435848 0.399348 0.093533 0.089439
0 0.297983 0.400522 0.178025 0.089179
0 0.732962 0.293481 0.090403 0.095176
0 0.637170 0.295698 0.092837 0.088136
0 0.537900 0.295567 0.089708 0.090482
0 0.440195 0.295437 0.091794 0.093872
0 0.345793 0.298175 0.085883 0.092047
0 0.248609 0.297262 0.089708 0.094915
0 0.738352 0.193611 0.097010 0.084746
0 0.647079 0.195828 0.090403 0.085528
0 0.543115 0.191134 0.089708 0.078227
0 0.446453 0.190874 0.090403 0.075619
0 0.350139 0.191004 0.089708 0.075880
0 0.251565 0.194915 0.090751 0.077966
0 0.722357 0.097262 0.091446 0.075619
0 0.629520 0.098044 0.088665 0.075098
0 0.535814 0.096741 0.089013 0.077705
0 0.442803 0.097523 0.085188 0.076141
0 0.348748 0.098435 0.090403 0.078488
0 0.253303 0.102216 0.088665 0.078227
