0 0.578299 0.915495 0.093403 0.084635
0 0.471528 0.916927 0.095833 0.085417
0 0.372917 0.920182 0.093056 0.086719
0 0.272222 0.923958 0.096528 0.088542
0 0.618229 0.826172 0.176736 0.083594
0 0.471181 0.825130 0.094444 0.082552
0 0.372396 0.828125 0.095486 0.084375
0 0.272222 0.833984 0.094444 0.084635
0 0.731424 0.743359 0.091319 0.082031
0 0.637326 0.743880 0.095486 0.082552
0 0.675174 0.651302 0.174653 0.083854
0 0.490625 0.674870 0.152778 0.123177
0 0.312326 0.660156 0.185069 0.248438
0 0.676215 0.509505 0.171875 0.170052
0 0.497569 0.510547 0.171528 0.167969
0 0.314410 0.476172 0.177431 0.099740
0 0.673438 0.364453 0.171181 0.097656
0 0.495833 0.366536 0.170139 0.098698
0 0.307986 0.359766 0.176389 0.082552
0 0.458854 0.219141 0.471181 0.154427
0 0.665972 0.093099 0.090278 0.078385
0 0.572222 0.089844 0.090278 0.078125
0 0.471875 0.088542 0.089583 0.078125
0 0.372569 0.088542 0.092361 0.079687
0 0.268750 0.089844 0.090972 0.079687
