0 0.654074 0.862010 0.409123 0.084334
0 0.578865 0.769843 0.265669 0.084334
0 0.316504 0.813446 0.228412 0.160574
0 0.572423 0.677807 0.263231 0.083029
0 0.293524 0.684073 0.180362 0.085117
0 0.615425 0.554047 0.176532 0.080940
0 0.453691 0.571802 0.133008 0.113316
0 0.286560 0.569452 0.178273 0.101305
0 0.725104 0.441645 0.091574 0.080157
0 0.406685 0.425849 0.427577 0.154569
0 0.719185 0.352742 0.091574 0.078851
0 0.557974 0.293995 0.171657 0.080418
0 0.719708 0.234334 0.132312 0.128198
0 0.556755 0.203786 0.172702 0.077023
0 0.719533 0.115927 0.099234 0.093473
0 0.555536 0.110052 0.175139 0.077546
0 0.322597 0.189556 0.255919 0.302350
