0 0.427000 0.915510 0.431366 0.085145
0 0.690884 0.778884 0.181628 0.146188
0 0.504366 0.782552 0.175341 0.146712
0 0.309815 0.820933 0.192106 0.090909
0 0.299511 0.730941 0.177786 0.079644
0 0.686343 0.644354 0.178135 0.098245
0 0.504715 0.644878 0.176039 0.098769
0 0.301607 0.642782 0.179183 0.082002
0 0.407440 0.497904 0.407614 0.168981
0 0.693853 0.433456 0.131680 0.171601
0 0.671498 0.295520 0.176388 0.081216
0 0.376528 0.318837 0.359762 0.180770
0 0.681453 0.211554 0.189312 0.078858
0 0.344045 0.165706 0.415648 0.082526
0 0.730003 0.100472 0.208173 0.130207
0 0.406043 0.069819 0.424380 0.088289
