0 0.636730 0.864531 0.098389 0.088212
0 0.533438 0.863875 0.101190 0.083749
0 0.742647 0.757023 0.099440 0.087950
0 0.634454 0.762274 0.095238 0.085324
0 0.530462 0.763192 0.097339 0.083486
0 0.420518 0.840378 0.099440 0.238908
0 0.302871 0.843266 0.097339 0.239433
0 0.654937 0.607771 0.176821 0.100814
0 0.475315 0.628511 0.135504 0.137044
0 0.319853 0.632449 0.134804 0.135994
0 0.721989 0.487398 0.177871 0.097926
0 0.531162 0.488842 0.175770 0.097138
0 0.334909 0.493174 0.180322 0.100551
0 0.719188 0.364269 0.175070 0.096876
0 0.530812 0.364925 0.176471 0.098189
0 0.335259 0.367288 0.177521 0.097663
0 0.730742 0.234313 0.126751 0.131006
0 0.587185 0.235889 0.128852 0.130480
0 0.445203 0.234313 0.127801 0.128905
0 0.304797 0.236545 0.127801 0.129168
0 0.689251 0.099107 0.173319 0.094250
0 0.506653 0.100683 0.172269 0.095301
0 0.318102 0.104621 0.174720 0.093725
