0 0.622911 0.865796 0.186630 0.106527
0 0.460132 0.875587 0.095752 0.085379
0 0.355675 0.880026 0.095752 0.087467
0 0.247214 0.882245 0.094708 0.085640
0 0.652159 0.745822 0.183844 0.102611
0 0.449861 0.748433 0.184540 0.105222
0 0.267235 0.766710 0.131267 0.141775
0 0.702994 0.612272 0.133705 0.139426
0 0.557974 0.612272 0.134749 0.136815
0 0.418524 0.616710 0.139276 0.138381
0 0.263405 0.620104 0.137535 0.139426
0 0.755049 0.431593 0.095752 0.080940
0 0.522110 0.438773 0.353412 0.090078
0 0.271065 0.468146 0.137535 0.138381
0 0.716922 0.317493 0.094011 0.081462
0 0.617862 0.318538 0.095752 0.081984
0 0.472667 0.331332 0.180014 0.102350
0 0.284297 0.332637 0.177925 0.099739
0 0.660341 0.211488 0.179318 0.099217
0 0.468663 0.212141 0.181058 0.101567
0 0.280118 0.216057 0.179318 0.097911
0 0.649025 0.097781 0.177577 0.095300
0 0.461177 0.096736 0.175836 0.100522
0 0.273155 0.100914 0.172354 0.099478
