0 0.715523 0.921148 0.184338 0.089634
0 0.567914 0.928293 0.097020 0.088335
0 0.458073 0.928163 0.096327 0.087036
0 0.347713 0.927514 0.098753 0.089893
0 0.232848 0.928553 0.094248 0.083658
0 0.674290 0.803455 0.181566 0.085477
0 0.468988 0.802156 0.180527 0.087036
0 0.273735 0.805274 0.179487 0.105222
0 0.680180 0.699532 0.263340 0.089634
0 0.359494 0.694076 0.351005 0.087555
0 0.670305 0.577033 0.181220 0.082619
0 0.471933 0.583918 0.180873 0.102624
0 0.273735 0.587815 0.176022 0.101585
0 0.660083 0.472850 0.177408 0.101325
0 0.469854 0.472330 0.176715 0.098727
0 0.278933 0.473500 0.177408 0.100026
0 0.763514 0.347233 0.096674 0.156664
0 0.638773 0.349441 0.111227 0.134061
0 0.476265 0.342946 0.177755 0.121070
0 0.274082 0.351000 0.162855 0.131982
0 0.657831 0.215640 0.176369 0.097688
0 0.472973 0.217329 0.177408 0.097948
0 0.287769 0.222915 0.174983 0.098727
0 0.717602 0.101065 0.174636 0.081060
0 0.409563 0.103144 0.425502 0.083658
