0 0.471181 0.955208 0.096528 0.089063
0 0.293750 0.960156 0.173611 0.079167
0 0.650347 0.905469 0.185417 0.105729
0 0.652604 0.789714 0.181597 0.102865
0 0.377431 0.822135 0.350000 0.164062
0 0.726910 0.627865 0.133681 0.138542
0 0.600868 0.640365 0.096875 0.160938
0 0.372569 0.645573 0.345833 0.160938
0 0.643576 0.468750 0.182292 0.160417
0 0.370486 0.474219 0.346528 0.161979
0 0.698264 0.298568 0.093750 0.082552
0 0.592708 0.296224 0.094444 0.083073
0 0.485938 0.301042 0.094792 0.082812
0 0.380208 0.302474 0.093750 0.082552
0 0.255035 0.317839 0.123958 0.121094
0 0.716319 0.203776 0.177083 0.098698
0 0.573785 0.196615 0.092014 0.081771
0 0.477778 0.193490 0.093750 0.080729
0 0.367014 0.192188 0.094444 0.080729
0 0.257986 0.193880 0.092361 0.082031
0 0.709722 0.106120 0.089583 0.075781
0 0.424306 0.107813 0.426389 0.080208
