0 0.774394 0.942398 0.091349 0.083031
0 0.679585 0.944862 0.092734 0.084847
0 0.579412 0.947457 0.092388 0.082252
0 0.480796 0.948625 0.091003 0.083550
0 0.378374 0.949663 0.095156 0.083031
0 0.274567 0.949014 0.095156 0.083290
0 0.770415 0.846912 0.091003 0.079917
0 0.674740 0.849637 0.096886 0.084328
0 0.574221 0.847820 0.092388 0.083290
0 0.473875 0.849766 0.092388 0.084069
0 0.373875 0.850285 0.095156 0.083031
0 0.273702 0.853010 0.093426 0.083290
0 0.707785 0.761546 0.179585 0.081993
0 0.556228 0.762844 0.095156 0.084587
0 0.455190 0.764920 0.095156 0.083031
0 0.312111 0.765049 0.175779 0.083809
0 0.671799 0.670732 0.178893 0.084587
0 0.492388 0.670861 0.174394 0.081733
0 0.315571 0.672029 0.175779 0.081993
0 0.635467 0.539310 0.177509 0.082252
0 0.452768 0.541905 0.174740 0.097820
0 0.293080 0.557992 0.132180 0.133627
0 0.697924 0.429943 0.177163 0.101194
0 0.494637 0.419564 0.174048 0.098599
0 0.314187 0.424235 0.178547 0.098599
0 0.721107 0.299299 0.134256 0.135703
0 0.572837 0.288921 0.128374 0.115983
0 0.431142 0.291126 0.131488 0.116762
0 0.292215 0.290218 0.129066 0.114946
0 0.717301 0.173197 0.243599 0.081733
0 0.531315 0.173845 0.091696 0.081474
0 0.727682 0.093928 0.094810 0.083031
0 0.625952 0.091463 0.092734 0.082771
0 0.531315 0.091074 0.093080 0.082512
0 0.350865 0.125195 0.262284 0.159574
