0 0.783691 0.936047 0.121094 0.092691
0 0.656494 0.936379 0.123535 0.095349
0 0.536865 0.935050 0.118652 0.092027
0 0.418701 0.936379 0.116699 0.091362
0 0.299561 0.939203 0.117676 0.094352
0 0.179688 0.937708 0.117188 0.094020
0 0.813965 0.688870 0.219727 0.092027
0 0.601074 0.693189 0.203125 0.097342
0 0.404297 0.696678 0.186523 0.103654
0 0.209473 0.696678 0.183594 0.110299
0 0.824219 0.820432 0.151367 0.133223
0 0.658447 0.820100 0.148926 0.133223
0 0.502441 0.821429 0.148438 0.132558
0 0.346436 0.823920 0.145996 0.130897
0 0.192871 0.822425 0.148438 0.129900
0 0.851074 0.560631 0.156250 0.139203
0 0.695801 0.560631 0.151367 0.132558
0 0.534668 0.558638 0.155273 0.127243
0 0.377197 0.564618 0.150879 0.134551
0 0.204834 0.566445 0.175293 0.137542
0 0.825439 0.425581 0.121582 0.092359
0 0.656494 0.427907 0.206543 0.098339
0 0.436523 0.429236 0.206055 0.095017
0 0.220459 0.433555 0.209473 0.107641
0 0.812012 0.290864 0.153320 0.125914
0 0.662354 0.300831 0.141113 0.142525
0 0.507324 0.294850 0.149414 0.131894
0 0.355469 0.299668 0.144531 0.136877
0 0.195557 0.295349 0.159668 0.125581
0 0.857666 0.172924 0.122559 0.096678
0 0.677490 0.177575 0.224121 0.097342
0 0.440186 0.176412 0.222168 0.099003
0 0.214600 0.175748 0.207520 0.093688
0 0.814453 0.066944 0.124023 0.094020
0 0.628418 0.070764 0.214844 0.097010
0 0.406738 0.070432 0.212891 0.099003
0 0.200195 0.069934 0.185547 0.092691
