0 0.838379 0.894252 0.146484 0.121308
0 0.688721 0.899333 0.146973 0.081931
0 0.521240 0.900286 0.176270 0.081296
0 0.329834 0.903461 0.181152 0.092093
0 0.156494 0.911242 0.142090 0.115275
0 0.821045 0.779771 0.145996 0.079073
0 0.633789 0.772467 0.147461 0.134328
0 0.479736 0.787710 0.145020 0.117180
0 0.314209 0.788504 0.144043 0.119403
0 0.150391 0.787075 0.142578 0.118450
0 0.831543 0.634963 0.140625 0.119721
0 0.673340 0.633217 0.149414 0.119403
0 0.488037 0.640997 0.145020 0.133693
0 0.329590 0.640997 0.145508 0.134328
0 0.152588 0.638615 0.145996 0.133376
0 0.759766 0.512226 0.184570 0.093998
0 0.561035 0.511909 0.185547 0.092728
0 0.382324 0.514449 0.153320 0.099714
0 0.184570 0.509050 0.206055 0.095268
0 0.812988 0.388695 0.149414 0.135916
0 0.649658 0.387583 0.148926 0.136234
0 0.486084 0.378850 0.154785 0.116862
0 0.319092 0.377421 0.149902 0.115910
0 0.153076 0.377104 0.152832 0.115275
0 0.850342 0.246110 0.148926 0.132741
0 0.672607 0.245157 0.182129 0.093363
0 0.448975 0.245951 0.182129 0.099397
0 0.155273 0.239282 0.144531 0.120356
0 0.734131 0.115910 0.145020 0.120673
0 0.546875 0.102731 0.183594 0.094316
0 0.366455 0.115592 0.144043 0.121308
0 0.179199 0.101143 0.184570 0.093681
