0 0.772705 0.908508 0.366699 0.121051
0 0.352051 0.909134 0.367188 0.121677
0 0.285156 0.786519 0.364258 0.122302
0 0.588623 0.801063 0.359863 0.230841
0 0.784424 0.671411 0.359863 0.229903
0 0.503906 0.604473 0.360352 0.229277
0 0.215576 0.617454 0.196777 0.159525
0 0.838623 0.464967 0.192871 0.162340
0 0.620850 0.441038 0.214355 0.097591
0 0.394043 0.441195 0.213867 0.098530
0 0.197998 0.459493 0.155762 0.138880
0 0.749512 0.282765 0.155273 0.139506
0 0.585205 0.283078 0.155762 0.137629
0 0.411133 0.283547 0.155273 0.139193
0 0.214111 0.298092 0.192871 0.162652
0 0.830811 0.121677 0.191895 0.160776
0 0.625488 0.122146 0.193359 0.159837
0 0.419678 0.122146 0.201660 0.159212
0 0.216797 0.126368 0.197266 0.160776
