0 0.781738 0.811488 0.172852 0.149159
0 0.571777 0.818312 0.172852 0.131704
0 0.369385 0.826563 0.199707 0.095525
0 0.159912 0.826880 0.198730 0.095525
0 0.763916 0.653285 0.247559 0.098699
0 0.480225 0.693907 0.182129 0.092986
0 0.292480 0.661060 0.143555 0.104729
0 0.136475 0.682799 0.144043 0.150111
0 0.856445 0.503967 0.152344 0.149794
0 0.699707 0.503015 0.150391 0.149159
0 0.526367 0.576801 0.182617 0.098064
0 0.532471 0.475563 0.181152 0.099334
0 0.359131 0.483021 0.148926 0.118058
0 0.164062 0.505395 0.196289 0.166614
0 0.815918 0.339416 0.161133 0.129165
0 0.638428 0.336877 0.146973 0.153919
0 0.478516 0.322437 0.147461 0.156141
0 0.312500 0.320057 0.146484 0.156458
0 0.146484 0.316090 0.146484 0.154871
0 0.880371 0.211520 0.142578 0.105681
0 0.736328 0.212631 0.143555 0.107268
0 0.786865 0.104729 0.230957 0.097747
0 0.544678 0.142970 0.183105 0.178673
0 0.348389 0.117899 0.170410 0.128531
0 0.165039 0.115360 0.171875 0.127261
