0 0.312012 0.794924 0.403320 0.131735
0 0.733154 0.829181 0.124512 0.091872
0 0.585938 0.833385 0.145508 0.105263
0 0.729004 0.720181 0.124023 0.091872
0 0.566162 0.718623 0.118652 0.088757
0 0.392822 0.679072 0.153809 0.083152
0 0.739014 0.592183 0.176270 0.094986
0 0.523926 0.587045 0.190430 0.092806
0 0.198730 0.610402 0.166016 0.123949
0 0.346436 0.549673 0.126465 0.097166
0 0.760986 0.450171 0.142090 0.120523
0 0.597168 0.447057 0.145508 0.119900
0 0.397705 0.438493 0.184082 0.097166
0 0.200684 0.459981 0.160156 0.148863
0 0.756348 0.325911 0.234375 0.102460
0 0.765381 0.221271 0.233887 0.100592
0 0.548096 0.244161 0.142090 0.148863
0 0.374268 0.240735 0.157715 0.148863
0 0.204590 0.241202 0.147461 0.149798
0 0.768066 0.100903 0.233398 0.098412
0 0.510986 0.094830 0.230957 0.100592
0 0.251709 0.092962 0.232910 0.099346
