0 0.675537 0.925445 0.250488 0.100344
0 0.418213 0.918568 0.191895 0.083464
0 0.216309 0.920444 0.187500 0.084714
0 0.816650 0.821819 0.191895 0.085652
0 0.609619 0.821507 0.186035 0.081901
0 0.409912 0.821194 0.187988 0.081901
0 0.208984 0.820100 0.187500 0.082838
0 0.727051 0.719600 0.128906 0.095655
0 0.590820 0.719131 0.127930 0.097218
0 0.456787 0.718037 0.126465 0.095030
0 0.317383 0.717568 0.128906 0.095967
0 0.182861 0.716786 0.127441 0.096905
0 0.843018 0.612691 0.127441 0.095030
0 0.700439 0.613629 0.127441 0.095655
0 0.507812 0.613317 0.211914 0.105033
0 0.323242 0.610347 0.127930 0.097843
0 0.186768 0.608471 0.128418 0.096593
0 0.845703 0.503751 0.124023 0.096593
0 0.708496 0.505939 0.127930 0.097218
0 0.572510 0.504845 0.123535 0.095030
0 0.444824 0.506252 0.125000 0.096593
0 0.316895 0.505470 0.123047 0.095030
0 0.186768 0.506252 0.131348 0.095967
0 0.856934 0.399500 0.127930 0.096905
0 0.722656 0.399500 0.126953 0.095030
0 0.580811 0.400594 0.123535 0.096593
0 0.450439 0.399500 0.126465 0.096280
0 0.319336 0.400438 0.125000 0.095030
0 0.190430 0.400125 0.126953 0.094405
0 0.864502 0.294311 0.127441 0.097218
0 0.731689 0.294154 0.128418 0.096280
0 0.592529 0.293060 0.131348 0.097218
0 0.456787 0.292279 0.128418 0.096905
0 0.321777 0.293529 0.126953 0.096905
0 0.190674 0.293529 0.128418 0.096280
0 0.869629 0.181463 0.125000 0.094092
0 0.738281 0.182244 0.126953 0.096905
0 0.605469 0.182244 0.126953 0.096280
0 0.466309 0.184589 0.128906 0.096593
0 0.331055 0.183807 0.127930 0.095030
0 0.194824 0.184276 0.129883 0.095342
0 0.804932 0.067677 0.188965 0.082213
0 0.617432 0.070491 0.151855 0.082838
0 0.469971 0.077212 0.131348 0.097530
0 0.335693 0.077055 0.131348 0.096593
0 0.199463 0.078931 0.131348 0.095967
