0 0.809326 0.889260 0.157715 0.136956
0 0.648193 0.889736 0.147949 0.142358
0 0.456543 0.875437 0.181641 0.095329
0 0.239990 0.877979 0.218262 0.092787
0 0.741943 0.771211 0.218262 0.094693
0 0.531494 0.755005 0.140137 0.108039
0 0.362549 0.735939 0.165527 0.115030
0 0.197021 0.736257 0.138184 0.108675
0 0.687012 0.642993 0.397461 0.108993
0 0.371338 0.613124 0.119629 0.091198
0 0.198975 0.609152 0.144043 0.078805
0 0.819580 0.521290 0.126465 0.094376
0 0.614258 0.528281 0.234375 0.097553
0 0.836182 0.414522 0.124512 0.093740
0 0.701416 0.417541 0.125488 0.094058
0 0.556152 0.412615 0.143555 0.080394
0 0.377441 0.453289 0.188477 0.153480
0 0.199707 0.456308 0.147461 0.152526
0 0.824463 0.281220 0.139160 0.106133
0 0.653809 0.283445 0.124023 0.094058
0 0.511719 0.288847 0.123047 0.092787
0 0.359619 0.299492 0.125488 0.095647
0 0.205811 0.262154 0.144043 0.151255
0 0.790039 0.174293 0.142578 0.080394
0 0.641602 0.178901 0.120117 0.090880
0 0.508301 0.180489 0.123047 0.092151
0 0.365723 0.187480 0.142578 0.107404
0 0.785156 0.080076 0.121094 0.090880
0 0.648926 0.080712 0.123047 0.092787
0 0.520264 0.081665 0.126465 0.092787
0 0.370361 0.081188 0.168457 0.091833
0 0.203613 0.106609 0.145508 0.142040
