0 0.280273 0.903113 0.368164 0.118806
0 0.578613 0.909625 0.218750 0.098793
0 0.789795 0.885642 0.155762 0.121347
0 0.819824 0.770807 0.123047 0.090534
0 0.673096 0.770807 0.118652 0.091169
0 0.545654 0.771125 0.124512 0.091169
0 0.417236 0.773189 0.122559 0.092757
0 0.208008 0.794314 0.217773 0.094981
0 0.762207 0.655654 0.207031 0.099746
0 0.571289 0.658037 0.139648 0.106417
0 0.425537 0.662325 0.144043 0.109276
0 0.197266 0.665978 0.194336 0.113405
0 0.843994 0.516042 0.141113 0.108958
0 0.679932 0.530972 0.149902 0.141995
0 0.425781 0.530654 0.179688 0.094346
0 0.210693 0.535260 0.219238 0.094028
0 0.796143 0.384530 0.125488 0.100064
0 0.608154 0.380400 0.221191 0.096252
0 0.383789 0.379606 0.218750 0.094663
0 0.186768 0.402001 0.147949 0.141995
0 0.239746 0.200762 0.234375 0.101652
0 0.439453 0.208863 0.129883 0.096887
0 0.611328 0.217598 0.150391 0.121347
0 0.803955 0.235864 0.155762 0.149619
0 0.819092 0.105146 0.138184 0.107370
0 0.651855 0.087992 0.143555 0.078780
0 0.461426 0.102287 0.196289 0.107370
0 0.231689 0.098793 0.220215 0.096569
