0 0.843750 0.831748 0.129883 0.097368
0 0.683838 0.844910 0.160645 0.123057
0 0.516846 0.846337 0.159668 0.124009
0 0.346680 0.845385 0.161133 0.130352
0 0.167480 0.848240 0.160156 0.123375
0 0.786133 0.676974 0.172852 0.131621
0 0.567871 0.671741 0.192383 0.105297
0 0.356689 0.671583 0.181152 0.103711
0 0.170898 0.683159 0.162109 0.124326
0 0.770508 0.512686 0.258789 0.139867
0 0.484131 0.516175 0.260254 0.139867
0 0.211426 0.512211 0.259766 0.140818
0 0.185547 0.368696 0.202148 0.097368
0 0.407471 0.364732 0.194824 0.105931
0 0.626221 0.373454 0.175293 0.133524
0 0.847656 0.287504 0.175781 0.150650
0 0.637695 0.233428 0.211914 0.102125
0 0.408203 0.232636 0.206055 0.096733
0 0.184814 0.230098 0.202637 0.096099
0 0.860352 0.120044 0.154297 0.154456
0 0.642334 0.092452 0.204590 0.099905
0 0.416260 0.093245 0.216309 0.099588
0 0.194336 0.092769 0.211914 0.100539
