0 0.871338 0.877400 0.084473 0.092225
0 0.704346 0.876613 0.232910 0.093170
0 0.497314 0.894712 0.160645 0.131885
0 0.331055 0.892037 0.151367 0.119610
0 0.161133 0.892037 0.163086 0.125905
0 0.877930 0.766918 0.092773 0.092855
0 0.701660 0.763928 0.229492 0.095058
0 0.453369 0.765502 0.236816 0.100094
0 0.204102 0.766289 0.250977 0.105445
0 0.854980 0.654706 0.128906 0.095688
0 0.673340 0.657066 0.237305 0.097262
0 0.415771 0.650456 0.233887 0.092225
0 0.822998 0.558388 0.177246 0.091911
0 0.638672 0.559490 0.165039 0.092225
0 0.417480 0.546270 0.229492 0.092855
0 0.186279 0.602140 0.217285 0.205855
0 0.822998 0.431224 0.146973 0.150456
0 0.658691 0.432326 0.143555 0.151401
0 0.499023 0.423041 0.156250 0.135348
0 0.330566 0.421152 0.159180 0.132830
0 0.158447 0.414227 0.176270 0.126534
0 0.837646 0.299811 0.122559 0.091596
0 0.663330 0.302172 0.218262 0.096317
0 0.433105 0.301228 0.236328 0.098835
0 0.187988 0.298080 0.232422 0.091281
0 0.849609 0.182090 0.120117 0.090337
0 0.661865 0.186339 0.232910 0.100094
0 0.424561 0.187756 0.236816 0.101668
0 0.183350 0.184608 0.231934 0.091596
0 0.777344 0.063897 0.194336 0.095688
0 0.571777 0.070664 0.192383 0.111111
0 0.365723 0.072238 0.195312 0.109852
0 0.162354 0.073182 0.191895 0.108593
