0 0.499268 0.910607 0.322754 0.108278
0 0.229736 0.921624 0.229004 0.093170
0 0.736328 0.816651 0.236328 0.099150
0 0.187744 0.785804 0.153809 0.147624
0 0.366211 0.780768 0.157227 0.148883
0 0.530273 0.781870 0.142578 0.149827
0 0.735596 0.701605 0.235840 0.098206
0 0.184814 0.608278 0.157715 0.148883
0 0.356689 0.604816 0.145996 0.149512
0 0.522461 0.602140 0.156250 0.150456
0 0.730713 0.578218 0.232910 0.098206
0 0.730713 0.456720 0.229980 0.090652
0 0.179443 0.423670 0.158691 0.148568
0 0.346680 0.422568 0.145508 0.148253
0 0.512207 0.420208 0.147461 0.149197
0 0.729492 0.343248 0.235352 0.101039
0 0.727295 0.219704 0.231934 0.101983
0 0.516113 0.239692 0.156250 0.150142
0 0.350342 0.243469 0.156738 0.148883
0 0.177490 0.242682 0.153809 0.152975
0 0.723145 0.093327 0.232422 0.103557
0 0.467773 0.093012 0.229492 0.099150
0 0.208008 0.095688 0.229492 0.099465
