0 0.767334 0.801070 0.164551 0.124016
0 0.539795 0.805319 0.229980 0.113629
0 0.340332 0.827038 0.156250 0.162103
0 0.183838 0.827825 0.157715 0.161788
0 0.790039 0.656909 0.230469 0.098835
0 0.499512 0.664463 0.300781 0.118351
0 0.214844 0.659899 0.229492 0.099780
0 0.795166 0.526597 0.198730 0.101983
0 0.611084 0.523135 0.137207 0.101353
0 0.471924 0.522506 0.124512 0.092540
0 0.337646 0.526125 0.122559 0.091596
0 0.183838 0.526912 0.173340 0.091911
0 0.709961 0.392037 0.235352 0.098521
0 0.460938 0.395656 0.235352 0.099465
0 0.211914 0.400535 0.236328 0.100409
0 0.794189 0.233082 0.144043 0.148253
0 0.643311 0.233082 0.142090 0.148253
0 0.476807 0.234498 0.145996 0.149827
0 0.317139 0.234498 0.145996 0.148568
0 0.153564 0.237331 0.146973 0.147938
0 0.683838 0.089235 0.233887 0.092855
0 0.433838 0.090652 0.229004 0.093799
0 0.192383 0.089550 0.230469 0.094114
