0 0.791016 0.878187 0.154297 0.147938
0 0.613770 0.872206 0.154297 0.117092
0 0.430664 0.816808 0.155273 0.117092
0 0.217285 0.810828 0.230469 0.091911
0 0.737061 0.748977 0.231934 0.092855
0 0.805420 0.622128 0.180176 0.097262
0 0.624023 0.634404 0.121094 0.092855
0 0.481934 0.660214 0.143555 0.148253
0 0.326416 0.658955 0.142090 0.148883
0 0.171387 0.660057 0.145508 0.149197
0 0.821289 0.471671 0.151367 0.115518
0 0.645508 0.489141 0.142578 0.150456
0 0.493896 0.488669 0.141113 0.149512
0 0.333008 0.488511 0.139648 0.150456
0 0.168701 0.487095 0.142090 0.148253
0 0.787109 0.308152 0.150391 0.123387
0 0.567139 0.311143 0.247559 0.123702
0 0.348877 0.315392 0.153809 0.138495
0 0.177002 0.316494 0.153809 0.138810
0 0.693604 0.181460 0.230957 0.089707
0 0.698486 0.074441 0.231934 0.090337
0 0.495361 0.102613 0.142090 0.149197
0 0.333252 0.103399 0.141113 0.148883
0 0.175049 0.104186 0.140137 0.149827
