0 0.713867 0.836984 0.155273 0.152065
0 0.540527 0.837140 0.153320 0.150501
0 0.374512 0.836202 0.151367 0.153004
0 0.205078 0.834950 0.153320 0.151126
0 0.303711 0.662860 0.363281 0.116708
0 0.823975 0.679443 0.154785 0.146746
0 0.668213 0.650344 0.119629 0.090426
0 0.534912 0.650501 0.118652 0.091990
0 0.739258 0.544118 0.230469 0.091364
0 0.495605 0.544587 0.229492 0.091051
0 0.257324 0.546777 0.231445 0.091051
0 0.744629 0.425688 0.232422 0.111076
0 0.501709 0.428817 0.230957 0.111702
0 0.260742 0.428817 0.231445 0.111076
0 0.842285 0.290989 0.123047 0.091990
0 0.675293 0.292710 0.169922 0.090426
0 0.487305 0.291615 0.171875 0.091364
0 0.265869 0.294587 0.234863 0.097309
0 0.755127 0.183667 0.237793 0.096996
0 0.510498 0.183198 0.233887 0.089800
0 0.266113 0.184919 0.235352 0.096996
0 0.853760 0.070088 0.122559 0.091990
0 0.725830 0.068992 0.121582 0.092303
0 0.597168 0.071339 0.123047 0.090738
0 0.468018 0.073686 0.120605 0.090426
0 0.339355 0.073373 0.122070 0.091051
0 0.208008 0.075250 0.120117 0.094806
