0 0.682861 0.880482 0.211426 0.117481
0 0.455566 0.879386 0.210938 0.115288
0 0.231934 0.878289 0.211914 0.117481
0 0.580322 0.756422 0.121582 0.091165
0 0.404297 0.758929 0.175781 0.096178
0 0.218262 0.759555 0.176758 0.095551
0 0.762939 0.672932 0.176270 0.148496
0 0.531006 0.648653 0.174316 0.095551
0 0.354980 0.641761 0.143555 0.109336
0 0.205322 0.641604 0.144043 0.108396
0 0.693115 0.536967 0.141113 0.099624
0 0.700684 0.444236 0.164062 0.077068
0 0.536621 0.480576 0.141602 0.149749
0 0.380371 0.473684 0.155273 0.132206
0 0.214600 0.480420 0.143066 0.150063
0 0.805664 0.336466 0.118164 0.088346
0 0.678955 0.335213 0.118652 0.089599
0 0.534424 0.340226 0.142090 0.102130
0 0.382812 0.343672 0.139648 0.107769
0 0.220459 0.338503 0.142090 0.101817
0 0.758301 0.204731 0.204102 0.094925
0 0.448486 0.206610 0.156738 0.130639
0 0.258057 0.191103 0.207520 0.100251
0 0.692383 0.083960 0.206055 0.100251
0 0.476807 0.084900 0.204590 0.100877
0 0.259766 0.082237 0.206055 0.099311
