0 0.795410 0.905808 0.233398 0.093564
0 0.232178 0.863108 0.180176 0.194035
0 0.488770 0.842072 0.333984 0.111774
0 0.481445 0.727943 0.330078 0.112088
0 0.855225 0.780534 0.124512 0.091052
0 0.723633 0.783830 0.127930 0.097645
0 0.846191 0.649765 0.173828 0.144741
0 0.670166 0.649608 0.152832 0.150078
0 0.459229 0.624019 0.230957 0.097645
0 0.238037 0.669859 0.183105 0.190581
0 0.703369 0.512402 0.332520 0.109890
0 0.306641 0.508477 0.338867 0.108948
0 0.706787 0.397488 0.336426 0.109890
0 0.297852 0.394976 0.328125 0.103611
0 0.704834 0.287284 0.333496 0.109890
0 0.298828 0.290738 0.336914 0.111146
0 0.496094 0.233281 0.325195 0.207849
0 0.682617 0.123705 0.328125 0.210989
0 0.318848 0.121193 0.331055 0.213501
