0 0.547607 0.935791 0.138184 0.055037
0 0.849121 0.853569 0.117188 0.092061
0 0.711426 0.866411 0.146484 0.119079
0 0.547607 0.853569 0.169434 0.093396
0 0.378174 0.870247 0.145996 0.133422
0 0.208984 0.852902 0.176758 0.097398
0 0.742432 0.737158 0.220215 0.090727
0 0.544922 0.743329 0.141602 0.084390
0 0.366455 0.744330 0.207520 0.096398
0 0.181152 0.745664 0.125000 0.098399
0 0.833984 0.609239 0.114258 0.093729
0 0.669189 0.613742 0.201660 0.099400
0 0.500244 0.618913 0.135254 0.115077
0 0.351318 0.624583 0.156738 0.127085
0 0.196777 0.628586 0.153320 0.126418
0 0.752197 0.502668 0.210449 0.096064
0 0.531006 0.503169 0.210449 0.096398
0 0.341064 0.479653 0.156738 0.126084
0 0.187988 0.491494 0.142578 0.143763
0 0.754639 0.396598 0.211426 0.098065
0 0.534668 0.400434 0.213867 0.098399
0 0.348389 0.337225 0.136230 0.104736
0 0.198730 0.349066 0.159180 0.128419
0 0.748535 0.288526 0.165039 0.092061
0 0.534180 0.291528 0.222656 0.098065
0 0.726562 0.174450 0.223633 0.094063
0 0.510742 0.180787 0.184570 0.106071
0 0.339844 0.202302 0.138672 0.153769
0 0.192627 0.199466 0.147949 0.147432
0 0.834717 0.070380 0.119629 0.094063
0 0.657959 0.070047 0.206543 0.095397
0 0.440186 0.071214 0.204590 0.097065
0 0.224854 0.070547 0.212402 0.099066
