0 0.816162 0.831870 0.119629 0.092221
0 0.678711 0.837673 0.143555 0.105709
0 0.524658 0.835320 0.141113 0.105395
0 0.370117 0.835477 0.144531 0.103827
0 0.214355 0.835320 0.146484 0.104768
0 0.802734 0.706870 0.160156 0.143350
0 0.639648 0.718946 0.141602 0.079046
0 0.498535 0.723338 0.121094 0.092848
0 0.364014 0.722396 0.122559 0.092848
0 0.217773 0.714868 0.144531 0.106023
0 0.774170 0.576537 0.220215 0.105395
0 0.551758 0.594103 0.162109 0.148055
0 0.266602 0.601161 0.228516 0.098808
0 0.779785 0.457340 0.218750 0.105395
0 0.553955 0.457654 0.222168 0.105395
0 0.278320 0.469730 0.257812 0.138331
0 0.715576 0.335006 0.215332 0.099749
0 0.477539 0.335006 0.210938 0.098494
0 0.252441 0.335006 0.210938 0.099122
0 0.718018 0.225220 0.213379 0.099122
0 0.483643 0.225063 0.212402 0.100063
0 0.256836 0.226788 0.212891 0.099122
0 0.753906 0.077635 0.210938 0.098181
0 0.563477 0.093319 0.155273 0.137077
0 0.399414 0.093632 0.155273 0.135822
0 0.230957 0.094887 0.154297 0.137077
