0 0.728271 0.915392 0.208496 0.096784
0 0.492920 0.913206 0.234863 0.092413
0 0.246338 0.915080 0.210449 0.096160
0 0.715576 0.800812 0.170410 0.121761
0 0.523438 0.791446 0.150391 0.104902
0 0.364990 0.793475 0.151855 0.099594
0 0.212158 0.795973 0.146973 0.103965
0 0.692139 0.681705 0.139160 0.103965
0 0.469727 0.675304 0.218750 0.092413
0 0.227539 0.665782 0.165039 0.120824
0 0.695068 0.547143 0.157715 0.149547
0 0.528076 0.545894 0.151855 0.147674
0 0.368652 0.527786 0.140625 0.108960
0 0.219482 0.529504 0.144043 0.109897
0 0.719727 0.403996 0.121094 0.090540
0 0.592041 0.405557 0.124512 0.091789
0 0.460449 0.406806 0.120117 0.091789
0 0.333252 0.407274 0.120605 0.091477
0 0.207031 0.409460 0.118164 0.089603
0 0.836670 0.290353 0.119629 0.090540
0 0.712891 0.293319 0.123047 0.092101
0 0.585449 0.297221 0.121094 0.091789
0 0.460449 0.298002 0.124023 0.091477
0 0.334229 0.299563 0.123535 0.092101
0 0.206787 0.299719 0.119629 0.091165
0 0.770264 0.186856 0.224121 0.102716
0 0.596680 0.192476 0.120117 0.090852
0 0.466553 0.192476 0.120605 0.090228
0 0.336182 0.192320 0.121582 0.091789
0 0.211182 0.192788 0.122559 0.090852
0 0.786133 0.079457 0.145508 0.104589
0 0.636230 0.080862 0.143555 0.104277
0 0.484131 0.081954 0.145020 0.106463
0 0.338623 0.075242 0.125488 0.091789
0 0.206543 0.078052 0.124023 0.092413
