0 0.813232 0.898310 0.143066 0.104506
0 0.657227 0.895964 0.141602 0.103567
0 0.499023 0.895338 0.159180 0.126095
0 0.252686 0.917866 0.265137 0.106070
0 0.751221 0.760795 0.159668 0.124218
0 0.509033 0.746715 0.254395 0.101690
0 0.246094 0.804443 0.247070 0.092616
0 0.247559 0.701658 0.229492 0.094180
0 0.768555 0.645025 0.121094 0.091677
0 0.567871 0.645025 0.227539 0.097935
0 0.778076 0.539581 0.128418 0.094806
0 0.573975 0.538016 0.229980 0.094806
0 0.373779 0.563204 0.149902 0.148310
0 0.208252 0.556164 0.150879 0.147997
0 0.745361 0.432259 0.229980 0.097935
0 0.474609 0.432572 0.228516 0.094806
0 0.741943 0.327284 0.215332 0.096370
0 0.478271 0.325250 0.237793 0.091677
0 0.246582 0.378598 0.213867 0.191489
0 0.785889 0.206508 0.152832 0.135169
0 0.616455 0.193210 0.145996 0.114205
0 0.417725 0.192741 0.234863 0.103254
0 0.215576 0.204944 0.154785 0.137046
0 0.750977 0.074312 0.241211 0.097309
0 0.502686 0.074312 0.241699 0.096058
0 0.255371 0.073529 0.228516 0.091990
