0 0.858154 0.867180 0.141113 0.117887
0 0.695801 0.853348 0.177734 0.091481
0 0.526611 0.849261 0.133301 0.095253
0 0.360840 0.846275 0.184570 0.089909
0 0.170166 0.848161 0.182129 0.099969
0 0.806152 0.745992 0.178711 0.091795
0 0.582031 0.746463 0.229492 0.096511
0 0.331055 0.743163 0.232422 0.092424
0 0.140137 0.742219 0.121094 0.090538
0 0.849609 0.593052 0.120117 0.090223
0 0.721191 0.593681 0.124023 0.089594
0 0.588867 0.592738 0.121094 0.089594
0 0.455078 0.604055 0.139648 0.115373
0 0.307861 0.613958 0.143066 0.148381
0 0.152344 0.614744 0.152344 0.146809
0 0.792969 0.483024 0.228516 0.093996
0 0.560059 0.483496 0.228516 0.098711
0 0.322266 0.480824 0.229492 0.090852
0 0.133301 0.480666 0.122070 0.091166
0 0.813721 0.343131 0.169434 0.124175
0 0.632080 0.344546 0.166504 0.124489
0 0.456055 0.343603 0.168945 0.122603
0 0.293213 0.339202 0.129395 0.110657
0 0.145508 0.354763 0.144531 0.144294
0 0.812500 0.192078 0.125000 0.089280
0 0.672363 0.193021 0.120117 0.090538
0 0.538818 0.197894 0.132324 0.099025
0 0.355469 0.196165 0.228516 0.097454
0 0.150879 0.211097 0.168945 0.125432
0 0.859131 0.074348 0.119629 0.091481
0 0.704590 0.072619 0.181641 0.091795
0 0.484375 0.072776 0.242188 0.096511
0 0.281494 0.080478 0.140137 0.116316
0 0.135742 0.081735 0.138672 0.116944
