0 0.841553 0.913428 0.129395 0.093523
0 0.687500 0.911058 0.131836 0.093207
0 0.501465 0.901580 0.148438 0.110900
0 0.342773 0.901422 0.146484 0.109953
0 0.155029 0.911848 0.146973 0.108689
0 0.843018 0.786414 0.176270 0.144076
0 0.669189 0.775987 0.147949 0.110585
0 0.508789 0.778673 0.145508 0.110269
0 0.343750 0.780569 0.145508 0.109637
0 0.173828 0.785466 0.162109 0.124487
0 0.191650 0.645182 0.202637 0.104897
0 0.396729 0.646288 0.162598 0.124171
0 0.613525 0.642338 0.229004 0.110585
0 0.853271 0.628278 0.147949 0.112164
0 0.854248 0.508531 0.147949 0.112164
0 0.684570 0.502054 0.155273 0.126382
0 0.506836 0.488468 0.179688 0.099210
0 0.329834 0.504739 0.161621 0.128594
0 0.162354 0.499368 0.148926 0.111532
0 0.866455 0.387204 0.134277 0.093207
0 0.604736 0.364613 0.201660 0.107425
0 0.395508 0.365877 0.201172 0.105529
0 0.187012 0.368088 0.192383 0.106161
0 0.863770 0.289573 0.125977 0.091943
0 0.694092 0.230174 0.159668 0.122275
0 0.520264 0.229700 0.160645 0.123223
0 0.346191 0.231438 0.164062 0.125434
0 0.169189 0.233807 0.163574 0.123223
0 0.868896 0.178357 0.131348 0.090679
0 0.870850 0.077883 0.133301 0.092575
0 0.697021 0.092575 0.163574 0.123223
0 0.517822 0.092733 0.164551 0.125434
0 0.342773 0.093207 0.164062 0.123855
0 0.170654 0.093365 0.162598 0.122907
