0 0.805664 0.906681 0.229492 0.099435
0 0.578125 0.907779 0.222656 0.100376
0 0.392334 0.908407 0.124512 0.092848
0 0.191406 0.914837 0.239258 0.091907
0 0.835205 0.768193 0.143066 0.148683
0 0.679443 0.770389 0.147949 0.153074
0 0.526855 0.771487 0.147461 0.153388
0 0.358398 0.762390 0.175781 0.131430
0 0.168701 0.777290 0.194824 0.161857
0 0.841797 0.632058 0.120117 0.090339
0 0.658936 0.636136 0.229004 0.089711
0 0.421631 0.640213 0.215332 0.099122
0 0.188965 0.642566 0.229492 0.100063
0 0.845947 0.537014 0.084473 0.090966
0 0.671631 0.539837 0.221191 0.095358
0 0.432129 0.541092 0.235352 0.094103
0 0.190918 0.540935 0.231445 0.091280
0 0.725586 0.383783 0.207031 0.100690
0 0.494873 0.395389 0.211426 0.115747
0 0.306396 0.414210 0.144043 0.148369
0 0.154785 0.413582 0.154297 0.147114
0 0.783936 0.237610 0.155762 0.145859
0 0.616943 0.247177 0.155762 0.139900
0 0.450928 0.247020 0.158691 0.132685
0 0.778320 0.087359 0.147461 0.114492
0 0.600342 0.074969 0.177246 0.093476
0 0.435059 0.103513 0.152344 0.149310
0 0.214600 0.182403 0.280762 0.293287
