0 0.742432 0.884122 0.257324 0.138428
0 0.522949 0.887097 0.144531 0.148763
0 0.355469 0.883182 0.175781 0.147197
0 0.187744 0.881929 0.143066 0.149076
0 0.879150 0.734419 0.147949 0.152208
0 0.722412 0.735202 0.156738 0.147510
0 0.546387 0.736298 0.158203 0.149702
0 0.375244 0.730034 0.154785 0.145318
0 0.201172 0.730661 0.156250 0.147197
0 0.844238 0.562324 0.160156 0.123082
0 0.689453 0.551362 0.128906 0.096774
0 0.539795 0.551989 0.128418 0.098653
0 0.364014 0.569997 0.155762 0.137175
0 0.184814 0.568431 0.152832 0.137175
0 0.222412 0.431099 0.235840 0.098027
0 0.478271 0.432195 0.229004 0.097087
0 0.736816 0.425775 0.152344 0.112433
0 0.741943 0.280144 0.163574 0.123708
0 0.562744 0.281867 0.163574 0.114626
0 0.382080 0.282336 0.161621 0.115565
0 0.189209 0.285312 0.178223 0.129659
0 0.754395 0.113216 0.157227 0.148763
0 0.575439 0.113686 0.156738 0.150329
0 0.381836 0.110398 0.166992 0.143752
0 0.188965 0.110241 0.164062 0.145318
