0 0.838867 0.875585 0.142578 0.117078
0 0.674561 0.864346 0.179199 0.093350
0 0.482666 0.867624 0.184082 0.091789
0 0.255859 0.887761 0.251953 0.132688
0 0.746582 0.729628 0.142578 0.111770
0 0.588623 0.733375 0.155762 0.116766
0 0.401123 0.730721 0.194824 0.109585
0 0.206299 0.738058 0.158691 0.127381
0 0.752930 0.612395 0.233398 0.107087
0 0.459473 0.620356 0.218750 0.097409
0 0.225342 0.619107 0.176270 0.088667
0 0.703857 0.491258 0.144043 0.118951
0 0.542236 0.498751 0.156738 0.133937
0 0.378174 0.500624 0.155762 0.134561
0 0.207764 0.500156 0.153809 0.133000
0 0.736572 0.357321 0.161621 0.123946
0 0.556396 0.355760 0.180176 0.137683
0 0.381348 0.360131 0.162109 0.139557
0 0.211914 0.362004 0.166016 0.122697
0 0.733643 0.223697 0.163574 0.122073
0 0.556396 0.225414 0.164551 0.121136
0 0.381592 0.226506 0.166504 0.122073
0 0.211914 0.229628 0.166016 0.121449
0 0.733643 0.092726 0.165527 0.123010
0 0.555664 0.094755 0.162109 0.123946
0 0.380127 0.095692 0.167480 0.123946
0 0.208496 0.097253 0.166992 0.122697
