0 0.756836 0.919193 0.231445 0.098468
0 0.765381 0.820413 0.231934 0.099093
0 0.765381 0.716786 0.230957 0.098781
0 0.394531 0.790403 0.475586 0.246640
0 0.770996 0.610816 0.231445 0.098781
0 0.563477 0.582213 0.152344 0.147859
0 0.398193 0.583620 0.155762 0.146296
0 0.229248 0.582838 0.153809 0.147234
0 0.725830 0.514067 0.133301 0.094717
0 0.767578 0.407315 0.233398 0.097530
0 0.558838 0.428571 0.153809 0.146921
0 0.394775 0.428259 0.154785 0.146296
0 0.231934 0.427321 0.153320 0.145671
0 0.770264 0.297906 0.230957 0.097530
0 0.517334 0.297437 0.229980 0.097843
0 0.264648 0.295874 0.231445 0.099719
0 0.766113 0.187871 0.227539 0.098156
0 0.519043 0.187871 0.229492 0.098156
0 0.264404 0.187402 0.229004 0.098468
0 0.770020 0.080807 0.230469 0.098468
0 0.522705 0.078462 0.231934 0.098156
0 0.265381 0.078618 0.229980 0.099093
