0 0.819824 0.885150 0.204102 0.093839
0 0.651123 0.888626 0.124512 0.096998
0 0.463623 0.887204 0.237793 0.097314
0 0.213867 0.888784 0.239258 0.096682
0 0.819580 0.762243 0.166504 0.129226
0 0.668945 0.749763 0.124023 0.094155
0 0.475342 0.751343 0.237793 0.094787
0 0.285156 0.751659 0.125000 0.096051
0 0.147217 0.751343 0.122559 0.094155
0 0.391357 0.627014 0.119629 0.091943
0 0.836670 0.636651 0.149902 0.078989
0 0.819092 0.539810 0.125488 0.095103
0 0.680664 0.585782 0.125977 0.185782
0 0.543945 0.540600 0.124023 0.094787
0 0.346924 0.541390 0.237793 0.096367
0 0.149658 0.541390 0.121582 0.096367
0 0.829102 0.379621 0.149414 0.134281
0 0.624268 0.405529 0.152832 0.157662
0 0.464111 0.403318 0.147949 0.153870
0 0.163086 0.448499 0.148438 0.080569
0 0.231445 0.366035 0.287109 0.079305
0 0.808105 0.230964 0.125000 0.095419
0 0.604736 0.228752 0.122559 0.096051
0 0.448730 0.225434 0.182617 0.091311
0 0.288330 0.231122 0.120605 0.095103
0 0.152832 0.232859 0.120117 0.093523
0 0.839844 0.105213 0.140625 0.116272
0 0.683105 0.106477 0.123047 0.096682
0 0.548096 0.106161 0.122559 0.097314
0 0.416992 0.103949 0.122070 0.096051
0 0.285156 0.103318 0.120117 0.096682
0 0.152344 0.102212 0.123047 0.096367
