0 0.549316 0.742373 0.118164 0.095541
0 0.273926 0.742876 0.119141 0.095206
0 0.137207 0.747737 0.117188 0.094200
0 0.831055 0.621690 0.116211 0.095541
0 0.687256 0.621019 0.115723 0.095541
0 0.268066 0.624204 0.117188 0.095206
0 0.125732 0.624874 0.115723 0.097218
0 0.738770 0.502849 0.117188 0.094536
0 0.614746 0.500168 0.121094 0.095877
0 0.488281 0.503017 0.115234 0.094871
0 0.361328 0.501509 0.120117 0.094536
0 0.217285 0.504526 0.119141 0.095206
0 0.888672 0.376969 0.117188 0.095541
0 0.615967 0.379316 0.116699 0.095541
0 0.478027 0.381663 0.116211 0.095541
0 0.202881 0.380825 0.115723 0.094536
0 0.062256 0.383674 0.116699 0.094200
0 0.617676 0.256788 0.118164 0.093195
0 0.480469 0.258129 0.118164 0.093195
0 0.062012 0.260979 0.115234 0.093530
0 0.751221 0.139792 0.116699 0.094536
0 0.613281 0.139457 0.116211 0.093865
0 0.340820 0.138116 0.116211 0.093865
0 0.060791 0.141133 0.118652 0.096547
