0 0.798096 0.873093 0.119629 0.091529
0 0.655518 0.874554 0.116699 0.093152
0 0.514160 0.875852 0.122070 0.091853
0 0.374512 0.876177 0.118164 0.093152
0 0.230469 0.876177 0.118164 0.091853
0 0.731201 0.753165 0.116699 0.091853
0 0.585449 0.751379 0.118164 0.091529
0 0.443115 0.752840 0.117676 0.090555
0 0.305176 0.749594 0.117188 0.091204
0 0.162598 0.751542 0.120117 0.092502
0 0.653076 0.501623 0.113770 0.091204
0 0.515137 0.502434 0.118164 0.094125
0 0.372803 0.503246 0.116699 0.091204
0 0.083740 0.505518 0.116699 0.089906
0 0.127930 0.198475 0.116211 0.090555
