0 0.675293 0.880825 0.116211 0.093530
0 0.401855 0.879819 0.116211 0.094200
0 0.123779 0.880322 0.116699 0.093865
0 0.539795 0.757794 0.116699 0.093530
0 0.122314 0.758129 0.117676 0.094871
0 0.609131 0.634093 0.115723 0.094200
0 0.197266 0.630238 0.117188 0.092524
0 0.056885 0.631411 0.113770 0.093530
0 0.676270 0.505699 0.117188 0.095541
0 0.404053 0.506034 0.117676 0.092860
0 0.751465 0.382333 0.115234 0.094871
0 0.202148 0.380992 0.117188 0.092860
0 0.481934 0.260644 0.117188 0.094871
0 0.198730 0.258800 0.117188 0.094536
0 0.752197 0.137613 0.115723 0.094200
0 0.478271 0.134093 0.115723 0.095877
0 0.206787 0.135434 0.118652 0.096547
