0 0.574707 0.799698 0.185547 0.115655
0 0.367432 0.797352 0.188965 0.113644
0 0.594727 0.657895 0.190430 0.115655
0 0.346191 0.655548 0.187500 0.114314
0 0.746826 0.518438 0.116699 0.092860
0 0.610352 0.520784 0.116211 0.094200
0 0.473389 0.519611 0.112793 0.093865
0 0.335449 0.521623 0.117188 0.093865
0 0.747314 0.394904 0.116699 0.093865
0 0.609375 0.395743 0.118164 0.095541
0 0.475830 0.395575 0.116699 0.095206
0 0.197998 0.400268 0.117676 0.094536
0 0.590088 0.272042 0.116699 0.096212
0 0.453125 0.269360 0.115234 0.094200
0 0.081787 0.275226 0.116699 0.093865
0 0.811523 0.147000 0.116211 0.092189
0 0.536377 0.147000 0.118652 0.094871
0 0.403320 0.145491 0.116211 0.091854
0 0.264893 0.148173 0.116699 0.094536
0 0.129883 0.151525 0.152344 0.109286
