0 0.530518 0.839423 0.123535 0.107945
0 0.669189 0.725947 0.119629 0.095541
0 0.533691 0.724103 0.116211 0.093865
0 0.394043 0.725444 0.116211 0.095877
0 0.257324 0.724271 0.117188 0.094871
0 0.713379 0.595709 0.225586 0.110627
0 0.708740 0.480892 0.229004 0.107610
0 0.468506 0.482400 0.223145 0.096547
0 0.233887 0.476198 0.229492 0.107610
0 0.705811 0.366913 0.228027 0.108280
0 0.472168 0.361214 0.224609 0.093530
0 0.237793 0.363728 0.222656 0.103922
0 0.713867 0.240194 0.238281 0.103587
0 0.478760 0.241033 0.233887 0.105263
0 0.243652 0.240530 0.238281 0.103587
