0 0.655518 0.866410 0.167480 0.130406
0 0.472412 0.870097 0.167480 0.130406
0 0.286133 0.870097 0.162109 0.131076
0 0.654785 0.694770 0.162109 0.130406
0 0.472168 0.691921 0.166992 0.130741
0 0.288574 0.695944 0.165039 0.130741
0 0.749512 0.537714 0.118164 0.095206
0 0.608643 0.537378 0.116699 0.094536
0 0.470947 0.536373 0.117676 0.094536
0 0.333252 0.536205 0.119629 0.096212
0 0.196777 0.538719 0.118164 0.094536
0 0.750244 0.402447 0.116699 0.095541
0 0.609863 0.402447 0.118164 0.094871
0 0.474365 0.403956 0.117676 0.095206
0 0.334717 0.402950 0.118652 0.093865
0 0.198975 0.402782 0.116699 0.095541
0 0.819092 0.268186 0.119629 0.093865
0 0.681152 0.267684 0.117188 0.095541
0 0.542725 0.266678 0.116699 0.096212
0 0.402832 0.267181 0.119141 0.095206
0 0.267334 0.266175 0.117676 0.095877
0 0.131592 0.266845 0.118652 0.095877
0 0.797363 0.133926 0.115234 0.096882
0 0.661377 0.131579 0.117676 0.095541
0 0.476807 0.128394 0.223145 0.097888
0 0.290039 0.127556 0.118164 0.093530
0 0.151611 0.128059 0.115723 0.095877
