0 0.830078 0.824170 0.222656 0.096212
0 0.593262 0.827690 0.223633 0.095206
0 0.361816 0.835736 0.174805 0.154207
0 0.149414 0.827858 0.225586 0.094871
0 0.612549 0.682032 0.223145 0.095541
0 0.369629 0.684713 0.223633 0.093530
0 0.620361 0.556654 0.116699 0.094871
0 0.487793 0.559839 0.117188 0.093195
0 0.347168 0.559169 0.121094 0.095206
0 0.210449 0.569896 0.110352 0.107945
0 0.094727 0.562353 0.119141 0.091519
0 0.821533 0.432115 0.120605 0.094536
0 0.689209 0.433624 0.119629 0.094200
0 0.553955 0.430774 0.118652 0.093865
0 0.413086 0.435132 0.117188 0.093195
0 0.279053 0.436809 0.115723 0.095877
0 0.141846 0.436473 0.117676 0.093865
0 0.583008 0.308247 0.170898 0.094871
0 0.388916 0.307911 0.170410 0.093530
0 0.780762 0.241535 0.172852 0.095541
0 0.187256 0.246396 0.173340 0.095206
0 0.581299 0.180691 0.171387 0.095206
0 0.385010 0.181026 0.172363 0.097218
