0 0.597656 0.875126 0.226562 0.096882
0 0.365723 0.877808 0.226562 0.095541
0 0.477051 0.753436 0.240234 0.106939
0 0.722656 0.625210 0.238281 0.108615
0 0.478760 0.625377 0.235840 0.105598
0 0.235840 0.624707 0.236328 0.106269
0 0.747559 0.497151 0.117188 0.093865
0 0.611084 0.501509 0.117676 0.093195
0 0.475342 0.496480 0.117676 0.093195
0 0.337891 0.500168 0.119141 0.093865
0 0.203369 0.497653 0.117676 0.096212
0 0.746582 0.377640 0.116211 0.096212
0 0.608643 0.378143 0.117676 0.095206
0 0.474365 0.378478 0.117676 0.095206
0 0.335938 0.380154 0.117188 0.093865
0 0.201904 0.377137 0.118652 0.093865
0 0.816406 0.253604 0.222656 0.095541
0 0.592529 0.255950 0.222168 0.094871
0 0.366699 0.256621 0.221680 0.094871
0 0.143555 0.259973 0.221680 0.094871
0 0.816162 0.135769 0.223145 0.094536
0 0.589111 0.134931 0.223145 0.095541
0 0.364258 0.135769 0.224609 0.094536
0 0.140625 0.137781 0.223633 0.095206
