0 0.811523 0.876339 0.115234 0.090230
0 0.669189 0.877799 0.120605 0.091853
0 0.524658 0.877799 0.117676 0.093152
0 0.383301 0.878935 0.115234 0.090880
0 0.242920 0.877475 0.118652 0.091853
0 0.100342 0.876663 0.116699 0.090230
0 0.170410 0.757709 0.118164 0.091204
0 0.312256 0.756573 0.114746 0.090880
0 0.458252 0.757222 0.116699 0.091529
0 0.593750 0.757709 0.117188 0.090555
0 0.739258 0.756248 0.118164 0.091529
0 0.810547 0.637618 0.120117 0.093152
0 0.668213 0.635508 0.116699 0.090880
0 0.524902 0.637618 0.118164 0.091204
0 0.384277 0.636969 0.117188 0.090555
0 0.240234 0.636644 0.117188 0.091204
0 0.102051 0.635346 0.122070 0.091204
0 0.173096 0.515417 0.120605 0.096722
0 0.311035 0.512983 0.117188 0.091204
0 0.456787 0.513794 0.117676 0.090880
0 0.598389 0.513957 0.118652 0.091204
0 0.741455 0.512009 0.120605 0.093152
0 0.813232 0.390944 0.118652 0.093152
0 0.670166 0.392243 0.118652 0.093152
0 0.527100 0.392567 0.116699 0.091204
0 0.383301 0.393216 0.118164 0.091853
0 0.243164 0.395651 0.117188 0.093476
0 0.103516 0.393703 0.118164 0.092178
0 0.172119 0.277345 0.118652 0.091853
0 0.314697 0.272314 0.118652 0.093476
0 0.454346 0.270529 0.116699 0.092502
0 0.598633 0.273288 0.118164 0.090880
0 0.739014 0.272476 0.117676 0.091853
0 0.742676 0.149140 0.115234 0.091853
0 0.602295 0.151899 0.118652 0.093476
0 0.460205 0.151250 0.120605 0.092827
0 0.317383 0.152061 0.121094 0.093152
0 0.173584 0.152548 0.117676 0.093476
