0 0.480713 0.829534 0.226074 0.094871
0 0.723389 0.701978 0.222168 0.094536
0 0.480469 0.701140 0.224609 0.095541
0 0.241211 0.698290 0.222656 0.095877
0 0.683350 0.566041 0.116699 0.096212
0 0.547119 0.566376 0.115723 0.095541
0 0.408447 0.569226 0.117676 0.096547
0 0.271729 0.568388 0.117676 0.094200
0 0.749268 0.434630 0.117676 0.096882
0 0.610352 0.436473 0.118164 0.094536
0 0.478027 0.434797 0.119141 0.095206
0 0.340088 0.434127 0.118652 0.096547
0 0.200439 0.435300 0.117676 0.096212
0 0.818115 0.302380 0.117676 0.097218
0 0.680176 0.304392 0.116211 0.095206
0 0.546387 0.301542 0.119141 0.094871
0 0.407715 0.299698 0.118164 0.095206
0 0.270264 0.302883 0.118652 0.093530
0 0.136230 0.302548 0.119141 0.094200
0 0.819580 0.169628 0.117676 0.096547
0 0.684082 0.167784 0.117188 0.094200
0 0.545410 0.169293 0.116211 0.093865
0 0.409668 0.168622 0.121094 0.095877
0 0.268555 0.171639 0.116211 0.093865
0 0.133545 0.173483 0.116699 0.098223
