0 0.827148 0.888032 0.116211 0.094536
0 0.684570 0.892893 0.114258 0.094871
0 0.542236 0.893564 0.119629 0.094871
0 0.400635 0.893731 0.114746 0.094536
0 0.259766 0.891552 0.119141 0.093530
0 0.117188 0.895575 0.120117 0.094871
0 0.827881 0.774556 0.116699 0.094871
0 0.684814 0.775897 0.118652 0.095541
0 0.537842 0.774723 0.118652 0.095206
0 0.403320 0.776567 0.118164 0.096212
0 0.256592 0.781093 0.117676 0.095206
0 0.116455 0.782434 0.116699 0.093865
0 0.685791 0.659403 0.117676 0.093195
0 0.538086 0.663258 0.116211 0.093530
0 0.399414 0.664935 0.119141 0.095541
0 0.260010 0.663761 0.117676 0.097218
0 0.120117 0.662923 0.118164 0.095541
0 0.830322 0.544754 0.117676 0.095206
0 0.681152 0.545927 0.116211 0.094200
0 0.540771 0.548776 0.117676 0.100570
0 0.399170 0.545927 0.114746 0.096882
0 0.261475 0.547435 0.115723 0.095206
0 0.114258 0.550117 0.117188 0.095206
0 0.704346 0.428763 0.234863 0.106604
0 0.468994 0.428595 0.113770 0.097553
0 0.245850 0.429769 0.237793 0.105934
0 0.748535 0.290312 0.239258 0.107275
0 0.472900 0.288803 0.235840 0.106269
0 0.199951 0.288133 0.243652 0.110292
0 0.749268 0.157895 0.243652 0.107275
0 0.473145 0.159739 0.243164 0.108280
0 0.199951 0.158230 0.239746 0.105263
