0 0.747070 0.857191 0.112305 0.095206
0 0.608887 0.855347 0.112305 0.096882
0 0.475098 0.858364 0.115234 0.092189
0 0.337646 0.858029 0.114746 0.094871
0 0.198975 0.857526 0.114746 0.097218
0 0.814697 0.734831 0.116699 0.095206
0 0.677979 0.734663 0.114746 0.096212
0 0.543457 0.734160 0.117188 0.095877
0 0.403320 0.733825 0.118164 0.097888
0 0.269531 0.733825 0.117188 0.097888
0 0.131348 0.734328 0.115234 0.098894
0 0.737549 0.565538 0.222168 0.188401
0 0.474121 0.569393 0.221680 0.184713
0 0.212402 0.567214 0.222656 0.187060
0 0.817871 0.404459 0.117188 0.096882
0 0.679199 0.404961 0.117188 0.095877
0 0.544434 0.402447 0.119141 0.094871
0 0.406982 0.404459 0.116699 0.094871
0 0.269043 0.404626 0.118164 0.094536
0 0.133789 0.405800 0.116211 0.094200
0 0.812500 0.281931 0.118164 0.095877
0 0.677979 0.281428 0.117676 0.096212
0 0.542725 0.280925 0.118652 0.094536
0 0.406738 0.281093 0.118164 0.094871
0 0.269043 0.281596 0.116211 0.095206
0 0.133301 0.283775 0.117188 0.094200
0 0.815430 0.161582 0.116211 0.092524
0 0.675537 0.161079 0.116699 0.096212
0 0.538818 0.160744 0.116699 0.092860
0 0.406006 0.157895 0.116699 0.094536
0 0.266846 0.162756 0.116699 0.094871
0 0.130127 0.159739 0.116699 0.096882
