0 0.683350 0.882836 0.118652 0.094871
0 0.544189 0.885015 0.117676 0.095206
0 0.406494 0.885350 0.118652 0.095206
0 0.264648 0.883507 0.117188 0.094871
0 0.609619 0.770533 0.117676 0.094200
0 0.474609 0.772377 0.119141 0.096547
0 0.336182 0.771706 0.121582 0.095206
0 0.197998 0.771203 0.116699 0.093530
0 0.610107 0.657057 0.121582 0.096547
0 0.473145 0.658062 0.118164 0.095877
0 0.334717 0.656386 0.117676 0.095206
0 0.188721 0.658230 0.117676 0.095541
0 0.746094 0.540563 0.118164 0.094871
0 0.606689 0.541066 0.119629 0.095206
0 0.471191 0.539725 0.119141 0.095206
0 0.333496 0.540060 0.117188 0.095206
0 0.196533 0.542072 0.117676 0.094536
0 0.749756 0.423734 0.240723 0.104593
0 0.475830 0.423064 0.239746 0.106604
0 0.201904 0.425914 0.240723 0.105598
0 0.750244 0.289138 0.239746 0.106269
0 0.474365 0.287798 0.239746 0.107610
0 0.201172 0.287798 0.240234 0.104928
0 0.751465 0.147670 0.243164 0.105598
0 0.475342 0.151693 0.241699 0.107610
0 0.196045 0.157057 0.239746 0.108280
