0 0.811768 0.816292 0.118652 0.096547
0 0.674561 0.815622 0.113770 0.096547
0 0.537598 0.814951 0.117188 0.093865
0 0.403076 0.816963 0.119629 0.095877
0 0.265625 0.815622 0.119141 0.093865
0 0.131836 0.814113 0.117188 0.094871
0 0.819092 0.659236 0.115723 0.096212
0 0.599609 0.654878 0.220703 0.183372
0 0.349365 0.656386 0.224121 0.183037
0 0.123779 0.662085 0.117676 0.095206
0 0.744385 0.488937 0.119629 0.094200
0 0.611084 0.489775 0.118652 0.094536
0 0.469971 0.490781 0.119629 0.093865
0 0.331299 0.491787 0.117676 0.093195
0 0.192871 0.495307 0.121094 0.094871
0 0.815918 0.380489 0.117188 0.097218
0 0.677490 0.379149 0.119629 0.097218
0 0.539795 0.375126 0.115723 0.096547
0 0.404053 0.377640 0.120605 0.094871
0 0.267578 0.379316 0.117188 0.097553
0 0.128906 0.379316 0.119141 0.096212
0 0.813477 0.267181 0.120117 0.098558
0 0.676514 0.263661 0.118652 0.096212
0 0.541992 0.267348 0.118164 0.096212
0 0.407959 0.270030 0.119629 0.094871
0 0.130127 0.269024 0.117676 0.094200
0 0.816895 0.153704 0.120117 0.096212
0 0.677979 0.153872 0.117676 0.095877
0 0.540527 0.154542 0.120117 0.095877
0 0.403809 0.155045 0.121094 0.095541
0 0.268799 0.154542 0.118652 0.094536
0 0.129883 0.153201 0.120117 0.095206
