0 0.406250 0.790479 0.222656 0.095877
0 0.599365 0.768354 0.138184 0.155548
0 0.798584 0.727456 0.226074 0.095206
0 0.727539 0.620851 0.223633 0.095877
0 0.486328 0.619511 0.225586 0.096547
0 0.240723 0.622360 0.224609 0.095541
0 0.758057 0.499497 0.229004 0.096547
0 0.215088 0.501844 0.225098 0.093195
0 0.675293 0.357861 0.139648 0.153201
0 0.476074 0.389038 0.226562 0.096882
0 0.270264 0.358699 0.139160 0.154878
0 0.807373 0.212370 0.223145 0.094871
0 0.568604 0.206671 0.225098 0.097553
0 0.350586 0.181193 0.137695 0.154542
0 0.158691 0.214046 0.225586 0.097553
