0 0.731445 0.814113 0.223633 0.094871
0 0.499023 0.815119 0.223633 0.094200
0 0.224609 0.814616 0.224609 0.093195
0 0.732422 0.688569 0.225586 0.097218
0 0.499023 0.688569 0.224609 0.095206
0 0.223633 0.688401 0.224609 0.096212
0 0.595215 0.549447 0.219727 0.095206
0 0.362305 0.549112 0.223633 0.094536
0 0.597412 0.422896 0.227051 0.096212
0 0.362549 0.423399 0.222168 0.094536
0 0.713867 0.280087 0.223633 0.096212
0 0.477783 0.284445 0.223145 0.095541
0 0.246338 0.286289 0.223145 0.097218
0 0.716064 0.160074 0.225098 0.095541
0 0.484619 0.160577 0.227051 0.095206
0 0.250488 0.161079 0.222656 0.093530
