0 0.602783 0.819477 0.228027 0.094871
0 0.354248 0.820315 0.222168 0.094536
0 0.729736 0.689574 0.225098 0.097218
0 0.477295 0.691418 0.229004 0.094871
0 0.233398 0.693094 0.225586 0.096212
0 0.729004 0.559504 0.224609 0.095877
0 0.483643 0.560845 0.227051 0.095877
0 0.236816 0.560845 0.224609 0.097218
0 0.732422 0.426416 0.223633 0.095877
0 0.475586 0.424405 0.241211 0.105263
0 0.232422 0.425578 0.220703 0.096882
0 0.729492 0.291317 0.225586 0.097218
0 0.481934 0.292156 0.223633 0.096212
0 0.235840 0.291820 0.229492 0.096882
0 0.728516 0.158900 0.223633 0.095877
0 0.481445 0.161582 0.225586 0.094536
0 0.239258 0.159403 0.220703 0.095541
