0 0.814697 0.879098 0.116699 0.092502
0 0.672119 0.877962 0.112793 0.090230
0 0.531250 0.878773 0.117188 0.091853
0 0.388672 0.879260 0.117188 0.090230
0 0.247070 0.880721 0.115234 0.089906
0 0.104492 0.883642 0.117188 0.091853
0 0.743164 0.761117 0.112305 0.089581
0 0.601074 0.763875 0.116211 0.092502
0 0.461670 0.763551 0.115723 0.092502
0 0.319336 0.761603 0.115234 0.091853
0 0.174805 0.761603 0.120117 0.090555
0 0.676270 0.640214 0.115234 0.091853
0 0.533447 0.642486 0.118652 0.093801
0 0.390869 0.640539 0.113770 0.091204
0 0.251709 0.637780 0.117676 0.091529
0 0.111816 0.637618 0.120117 0.090555
0 0.748047 0.517040 0.117188 0.090230
0 0.608643 0.517364 0.117676 0.090880
0 0.464844 0.518825 0.116211 0.092502
0 0.321533 0.518500 0.116699 0.091204
0 0.182617 0.516878 0.118164 0.091853
0 0.111816 0.399059 0.120117 0.091853
0 0.255859 0.396300 0.119141 0.091529
0 0.393555 0.395326 0.115234 0.091529
0 0.541748 0.396138 0.116699 0.090555
0 0.678955 0.397274 0.115723 0.089581
0 0.821777 0.397436 0.117188 0.091853
0 0.752197 0.278319 0.117676 0.091204
0 0.611084 0.275884 0.118652 0.096073
0 0.466553 0.277670 0.116699 0.091853
0 0.323242 0.276534 0.115234 0.092178
0 0.181152 0.277345 0.118164 0.093152
0 0.752930 0.155956 0.115234 0.091853
0 0.613281 0.157092 0.117188 0.092178
0 0.469238 0.155144 0.119141 0.090880
0 0.330322 0.152223 0.120605 0.094125
0 0.185059 0.155956 0.119141 0.091853
0 0.822754 0.639565 0.116211 0.091853
