0 0.820557 0.877962 0.116699 0.091529
0 0.679199 0.880558 0.115234 0.092178
0 0.539307 0.881532 0.116699 0.090230
0 0.396729 0.878935 0.116699 0.090230
0 0.251953 0.880558 0.122070 0.093476
0 0.109863 0.874067 0.120117 0.090230
0 0.181396 0.756086 0.116699 0.091204
0 0.323975 0.756410 0.118652 0.091204
0 0.463135 0.759007 0.120605 0.091853
0 0.611816 0.757871 0.121094 0.092178
0 0.751221 0.758358 0.118652 0.091853
0 0.823730 0.634210 0.120117 0.091529
0 0.679199 0.636482 0.120117 0.093476
0 0.537109 0.636969 0.117188 0.091853
0 0.395508 0.637942 0.112305 0.091853
0 0.254150 0.638429 0.116699 0.092827
0 0.109375 0.637780 0.115234 0.090230
0 0.185303 0.516228 0.118652 0.091204
0 0.326416 0.517851 0.115723 0.089906
0 0.468506 0.517202 0.113770 0.090555
0 0.610352 0.515417 0.118164 0.092827
0 0.752441 0.518014 0.116211 0.090880
0 0.824951 0.392730 0.114746 0.090880
0 0.676514 0.393054 0.114746 0.089581
0 0.534424 0.393703 0.114746 0.090230
0 0.393311 0.395164 0.115723 0.091204
0 0.253662 0.391918 0.115723 0.091853
0 0.112549 0.392243 0.117676 0.091204
0 0.186523 0.272963 0.120117 0.090880
0 0.321289 0.279130 0.116211 0.096722
0 0.466797 0.277507 0.119141 0.091529
0 0.608154 0.274262 0.118652 0.092827
0 0.749268 0.274099 0.115723 0.091204
0 0.752930 0.154495 0.114258 0.091529
0 0.609863 0.154495 0.115234 0.092178
0 0.466309 0.152872 0.118164 0.090880
0 0.326416 0.150114 0.120605 0.091853
0 0.185059 0.151899 0.117188 0.090230
