0 0.888184 0.833389 0.169922 0.138786
0 0.678467 0.832719 0.165527 0.143480
0 0.462402 0.834395 0.168945 0.140798
0 0.252930 0.834730 0.173828 0.141468
0 0.817139 0.684881 0.120605 0.102581
0 0.649902 0.682032 0.120117 0.106269
0 0.490234 0.682199 0.125000 0.105934
0 0.327393 0.683205 0.122559 0.102581
0 0.902344 0.551458 0.115234 0.101911
0 0.737061 0.549782 0.118652 0.102581
0 0.570312 0.551123 0.118164 0.102581
0 0.406494 0.550453 0.117676 0.103922
0 0.242432 0.552799 0.125488 0.100570
0 0.899170 0.418538 0.121582 0.101576
0 0.735596 0.418874 0.118652 0.102917
0 0.572510 0.418203 0.119629 0.106939
0 0.408203 0.417030 0.120117 0.104593
0 0.239258 0.416359 0.121094 0.103922
0 0.903564 0.285619 0.123535 0.100570
0 0.737061 0.284613 0.118652 0.102581
0 0.573242 0.282769 0.122070 0.102246
0 0.407227 0.282266 0.119141 0.105263
0 0.234619 0.283439 0.118652 0.104928
0 0.815430 0.149346 0.120117 0.102246
0 0.652100 0.148508 0.118652 0.106604
0 0.489746 0.147335 0.118164 0.104257
0 0.233398 0.147167 0.121094 0.093865
