0 0.761230 0.870334 0.114258 0.091853
0 0.617188 0.871633 0.114258 0.090555
0 0.479980 0.869523 0.115234 0.092827
0 0.329834 0.872769 0.120605 0.090880
0 0.193359 0.873580 0.116211 0.090555
0 0.787842 0.750893 0.118652 0.092502
0 0.162598 0.750406 0.121094 0.092178
0 0.647217 0.631289 0.121582 0.095424
0 0.303223 0.629503 0.119141 0.092502
0 0.162354 0.630639 0.117676 0.092827
0 0.830078 0.510224 0.117188 0.092827
0 0.688965 0.511198 0.124023 0.094125
0 0.542725 0.509088 0.120605 0.091204
0 0.404785 0.508277 0.118164 0.092178
0 0.263672 0.510711 0.117188 0.089906
0 0.121094 0.511685 0.121094 0.092502
0 0.830811 0.388348 0.118652 0.092502
0 0.687988 0.389646 0.119141 0.092502
0 0.544922 0.388186 0.119141 0.092178
0 0.406250 0.387050 0.117188 0.093801
0 0.259521 0.388673 0.123535 0.093801
0 0.120605 0.389971 0.124023 0.095099
0 0.828125 0.265011 0.114258 0.090555
0 0.688721 0.266959 0.116699 0.091204
0 0.546875 0.267932 0.119141 0.092502
0 0.403564 0.268744 0.117676 0.094125
0 0.260986 0.271178 0.116699 0.091853
0 0.119629 0.271178 0.122070 0.093152
0 0.756836 0.149140 0.112305 0.090555
0 0.616943 0.148491 0.121582 0.091204
0 0.475586 0.147842 0.120117 0.092502
0 0.333496 0.145732 0.120117 0.092178
0 0.190674 0.148491 0.118652 0.091853
