0 0.601318 0.721328 0.118652 0.098587
0 0.458984 0.720835 0.117188 0.093658
0 0.321777 0.719849 0.118164 0.093000
0 0.745605 0.597765 0.122070 0.093329
0 0.603516 0.595136 0.121094 0.097272
0 0.462891 0.593329 0.118164 0.093000
0 0.326904 0.593493 0.117676 0.093329
0 0.181641 0.593165 0.119141 0.094643
0 0.670410 0.350312 0.119141 0.095301
0 0.529541 0.352448 0.118652 0.094972
0 0.391357 0.350969 0.118652 0.093329
0 0.250732 0.350969 0.118652 0.095301
0 0.739258 0.226257 0.121094 0.093000
0 0.600098 0.224778 0.122070 0.093329
0 0.460205 0.222806 0.121582 0.093329
0 0.319824 0.224614 0.119141 0.093000
0 0.183838 0.224614 0.118652 0.093658
