0 0.746094 0.836346 0.120117 0.094643
0 0.612305 0.840453 0.120117 0.093658
0 0.471680 0.837660 0.117188 0.094643
0 0.328613 0.837496 0.121094 0.094315
0 0.192627 0.835688 0.118652 0.095301
0 0.678711 0.709662 0.118164 0.094315
0 0.540283 0.709662 0.117676 0.093658
0 0.397461 0.711962 0.120117 0.094972
0 0.259766 0.713276 0.119141 0.095629
0 0.678955 0.580184 0.119629 0.096944
0 0.539551 0.584456 0.121094 0.095629
0 0.398926 0.582649 0.119141 0.092672
0 0.255371 0.581170 0.118164 0.093658
0 0.672363 0.341439 0.118164 0.094643
0 0.536377 0.339796 0.120605 0.095301
0 0.396484 0.335360 0.120117 0.094315
0 0.258545 0.337332 0.118652 0.093000
0 0.814453 0.211305 0.119141 0.094643
0 0.671143 0.212783 0.118652 0.093000
0 0.532227 0.219356 0.117188 0.102859
0 0.393555 0.212291 0.121094 0.094643
0 0.254883 0.213934 0.120117 0.095301
0 0.114258 0.212948 0.120117 0.095301
