0 0.694092 0.624220 0.135254 0.079855
0 0.537109 0.623727 0.139648 0.079527
0 0.380859 0.623727 0.137695 0.079527
0 0.227051 0.622741 0.139648 0.080184
0 0.774414 0.498686 0.139648 0.080513
0 0.619873 0.500986 0.141113 0.080513
0 0.460938 0.502958 0.139648 0.077884
0 0.297363 0.499507 0.137695 0.079527
0 0.146240 0.501643 0.139160 0.079198
0 0.299805 0.385803 0.139648 0.080184
0 0.775879 0.257476 0.136719 0.079198
0 0.622070 0.257805 0.142578 0.079198
0 0.307861 0.261091 0.139160 0.081170
0 0.148682 0.263227 0.137207 0.080841
0 0.698486 0.139500 0.139160 0.079855
0 0.384033 0.137200 0.141113 0.079198
0 0.222168 0.137200 0.136719 0.081827
