0 0.618164 0.664147 0.137695 0.079527
0 0.458984 0.659711 0.137695 0.079855
0 0.302490 0.661683 0.137207 0.081170
0 0.775635 0.538120 0.138184 0.080513
0 0.618408 0.539435 0.138184 0.079198
0 0.462891 0.538613 0.137695 0.080841
0 0.304443 0.534505 0.138184 0.079855
0 0.148438 0.536149 0.138672 0.080513
0 0.696289 0.412586 0.138672 0.079855
0 0.537842 0.412258 0.141113 0.079855
0 0.384766 0.412586 0.140625 0.079855
0 0.227783 0.413244 0.138184 0.079198
0 0.693115 0.293460 0.139160 0.079527
0 0.538330 0.293132 0.138184 0.079527
0 0.380859 0.292803 0.138672 0.080841
0 0.224121 0.290996 0.137695 0.079855
0 0.776367 0.170555 0.139648 0.080184
0 0.618652 0.169734 0.138672 0.080513
0 0.460938 0.165955 0.137695 0.080841
0 0.303711 0.165626 0.137695 0.079527
0 0.149658 0.163819 0.139160 0.079855
