0 0.274902 0.861895 0.141602 0.104836
0 0.627930 0.723953 0.143555 0.108082
0 0.147461 0.723953 0.171875 0.111977
0 0.320801 0.483934 0.117188 0.093476
0 0.185059 0.482960 0.119141 0.091529
0 0.741699 0.373905 0.117188 0.064265
0 0.602783 0.374067 0.115723 0.064589
0 0.470215 0.375041 0.117188 0.063940
0 0.335938 0.375365 0.116211 0.063291
0 0.194824 0.378124 0.119141 0.064914
0 0.809570 0.291302 0.115234 0.062642
0 0.673340 0.289354 0.120117 0.065239
0 0.542969 0.290652 0.119141 0.062642
0 0.266602 0.295521 0.117188 0.065888
0 0.124268 0.289030 0.123535 0.065239
0 0.674561 0.203830 0.115723 0.062317
0 0.532227 0.209023 0.116211 0.063616
0 0.397949 0.205615 0.117188 0.063940
0 0.267334 0.203830 0.116699 0.061668
