0 0.163330 0.170062 0.137207 0.098258
0 0.390137 0.288367 0.133789 0.096287
0 0.839355 0.288695 0.128906 0.097601
0 0.388428 0.413408 0.136230 0.097930
0 0.537354 0.408478 0.129395 0.099901
0 0.151123 0.586099 0.130371 0.102202
0 0.468994 0.586592 0.132324 0.097930
0 0.155762 0.731679 0.174805 0.092343
0 0.358643 0.729543 0.174316 0.092014
0 0.559570 0.727079 0.171875 0.093000
0 0.763428 0.728722 0.174316 0.093000
0 0.158936 0.861157 0.174316 0.091686
0 0.356689 0.861814 0.173340 0.092343
0 0.562500 0.859842 0.173828 0.093000
0 0.759521 0.858528 0.172363 0.094972
