0 0.753968 0.900670 0.121693 0.115823
0 0.898313 0.780754 0.116733 0.118056
0 0.752315 0.781250 0.119048 0.112599
0 0.603671 0.790923 0.118056 0.122520
0 0.460317 0.786830 0.109127 0.110863
0 0.312004 0.796379 0.116733 0.133929
0 0.167163 0.790179 0.131283 0.119544
0 0.311673 0.663318 0.112765 0.112351
0 0.164683 0.665303 0.126984 0.112847
0 0.461310 0.662946 0.115741 0.107143
0 0.605159 0.665179 0.119048 0.111111
0 0.752646 0.661830 0.121693 0.112351
0 0.896164 0.659846 0.114418 0.106399
0 0.896991 0.539435 0.110780 0.112599
0 0.747685 0.541047 0.121032 0.112351
0 0.601356 0.541667 0.114087 0.115079
0 0.459160 0.542039 0.116071 0.105903
0 0.313492 0.543279 0.120370 0.108879
0 0.158399 0.544395 0.117725 0.106647
0 0.888724 0.419147 0.110780 0.108631
0 0.749504 0.417535 0.110119 0.113343
0 0.602183 0.418527 0.111111 0.117808
0 0.460648 0.420139 0.113095 0.112103
0 0.163856 0.421627 0.114087 0.113591
0 0.809028 0.187748 0.161706 0.146329
0 0.622189 0.186012 0.165013 0.144841
0 0.436839 0.190600 0.161376 0.152530
0 0.244544 0.189980 0.166997 0.151786
