0 0.147983 0.788566 0.134590 0.109871
0 0.297123 0.792411 0.126653 0.111607
0 0.448247 0.789683 0.122685 0.116567
0 0.596726 0.794519 0.125992 0.117808
0 0.757275 0.787946 0.127646 0.098214
0 0.754795 0.672991 0.121362 0.125248
0 0.595569 0.672495 0.123016 0.124256
0 0.448743 0.667287 0.119048 0.109375
0 0.293816 0.672371 0.122024 0.121032
0 0.143022 0.665303 0.124669 0.115823
0 0.141865 0.545015 0.120370 0.121280
0 0.296958 0.548115 0.127646 0.126488
0 0.449405 0.549851 0.122354 0.124504
0 0.595073 0.548611 0.122024 0.124008
0 0.754960 0.547247 0.119709 0.126240
0 0.901124 0.542039 0.117725 0.115327
0 0.901455 0.419891 0.122354 0.114087
0 0.750661 0.422619 0.116402 0.105655
0 0.592758 0.430556 0.118056 0.118552
0 0.446429 0.429191 0.117063 0.117808
0 0.296792 0.427827 0.125992 0.115079
0 0.142030 0.429688 0.120701 0.112847
0 0.138062 0.300347 0.122685 0.120040
0 0.296296 0.306300 0.125000 0.129960
0 0.447751 0.298487 0.117063 0.121776
0 0.594081 0.298487 0.120040 0.114831
0 0.751653 0.305060 0.119709 0.130456
0 0.900132 0.302579 0.119048 0.122520
0 0.900628 0.181424 0.120040 0.119792
0 0.750165 0.176215 0.120040 0.112847
0 0.595238 0.180804 0.121032 0.120536
0 0.447255 0.177827 0.118056 0.114583
0 0.291832 0.177579 0.116071 0.111607
0 0.136409 0.180308 0.118717 0.123512
