0 0.518519 0.832961 0.511905 0.224950
0 0.656911 0.642113 0.112103 0.122024
0 0.509755 0.640625 0.108796 0.120040
0 0.360450 0.634921 0.109788 0.100694
0 0.210317 0.524306 0.115741 0.116567
0 0.358796 0.519593 0.113095 0.112599
0 0.508267 0.518849 0.112434 0.111607
0 0.653439 0.518353 0.111111 0.115079
0 0.802083 0.519717 0.110780 0.117312
0 0.805225 0.398313 0.111772 0.111607
0 0.656250 0.399554 0.111442 0.118552
0 0.506944 0.401042 0.111111 0.122024
0 0.362765 0.398686 0.110450 0.113343
0 0.209821 0.401166 0.113426 0.120288
0 0.210317 0.277902 0.111111 0.119792
0 0.357804 0.275422 0.111772 0.108879
0 0.505291 0.275298 0.115741 0.110119
0 0.657077 0.276910 0.115741 0.110863
0 0.803075 0.272569 0.110119 0.104663
0 0.801422 0.157242 0.111442 0.118056
0 0.653770 0.156498 0.112434 0.121032
0 0.507275 0.150794 0.108466 0.102679
0 0.357308 0.149306 0.108135 0.104167
0 0.210648 0.151166 0.116402 0.107391
