0 0.755126 0.770585 0.115410 0.105159
0 0.605159 0.774430 0.115079 0.102431
0 0.459987 0.773810 0.117063 0.108631
0 0.312831 0.774802 0.123016 0.105655
0 0.755787 0.653026 0.112765 0.109127
0 0.604001 0.654390 0.115410 0.108383
0 0.460979 0.654886 0.109788 0.107391
0 0.314484 0.656374 0.117063 0.109871
0 0.680721 0.530258 0.112765 0.102679
0 0.535218 0.535466 0.112765 0.108135
0 0.387401 0.533110 0.114749 0.105903
0 0.749504 0.199281 0.112765 0.104911
0 0.599372 0.198289 0.119378 0.101438
0 0.455688 0.200893 0.113757 0.102183
0 0.211144 0.197297 0.307870 0.115327
