0 0.747354 0.848462 0.117725 0.106151
0 0.598545 0.848214 0.115079 0.107639
0 0.449570 0.846974 0.120040 0.105159
0 0.302414 0.847594 0.112103 0.109871
0 0.745370 0.722842 0.119048 0.104415
0 0.593254 0.724206 0.115079 0.108135
0 0.447917 0.723338 0.109458 0.105407
0 0.299769 0.724330 0.118056 0.106895
0 0.666336 0.599702 0.109788 0.106151
0 0.525132 0.601811 0.111111 0.105903
0 0.377315 0.602555 0.116402 0.105903
0 0.743386 0.444444 0.105820 0.101687
0 0.594081 0.447297 0.113426 0.103423
0 0.449901 0.444196 0.118717 0.107143
0 0.300926 0.445685 0.117725 0.106151
0 0.747520 0.323909 0.113426 0.106151
0 0.593419 0.322917 0.104167 0.110119
0 0.445106 0.320437 0.109788 0.111111
0 0.302249 0.321305 0.115079 0.111359
0 0.671462 0.200273 0.112765 0.100942
0 0.522817 0.200397 0.113757 0.103175
0 0.374669 0.202381 0.121032 0.109127
