0 0.146484 0.183350 0.114258 0.115782
0 0.311768 0.187020 0.123535 0.111111
0 0.482178 0.188021 0.121582 0.108442
0 0.643555 0.191191 0.122070 0.098098
0 0.807373 0.188689 0.118652 0.117117
0 0.809326 0.296296 0.115723 0.096096
0 0.146973 0.290958 0.120117 0.100767
0 0.401367 0.360861 0.123047 0.101101
0 0.567627 0.357524 0.127441 0.103770
0 0.806152 0.409576 0.118164 0.096430
0 0.487305 0.554888 0.166992 0.160160
0 0.613525 0.769436 0.164551 0.163497
0 0.384277 0.801468 0.121094 0.104771
0 0.220703 0.787287 0.128906 0.109109
