0 0.309814 0.164818 0.118652 0.102946
0 0.450439 0.164818 0.115723 0.102946
0 0.592773 0.163085 0.117188 0.102946
0 0.236816 0.284922 0.114258 0.106066
0 0.369385 0.284575 0.115723 0.101213
0 0.522705 0.284922 0.119629 0.099827
0 0.665527 0.284749 0.119141 0.098787
0 0.311768 0.407279 0.126465 0.101213
0 0.453613 0.407626 0.117188 0.101906
0 0.596680 0.404506 0.119141 0.099827
0 0.309082 0.520104 0.111328 0.095321
0 0.452393 0.518024 0.117676 0.102253
0 0.594727 0.518718 0.114258 0.100867
0 0.716797 0.514905 0.115234 0.096014
0 0.839355 0.517851 0.111328 0.097747
0 0.380859 0.636568 0.117188 0.104333
0 0.525635 0.638302 0.117676 0.100867
0 0.838135 0.614385 0.115723 0.092548
0 0.379883 0.761872 0.113281 0.099133
0 0.525635 0.762912 0.119629 0.100520
0 0.383545 0.879203 0.122559 0.098787
0 0.526855 0.879029 0.114258 0.097747
