0 0.133545 0.161086 0.221191 0.122651
0 0.363281 0.159720 0.222656 0.119918
0 0.603516 0.160916 0.222656 0.122993
0 0.837402 0.159549 0.228516 0.122310
0 0.273682 0.368124 0.195801 0.135634
0 0.483643 0.365904 0.191895 0.137342
0 0.701416 0.367783 0.190918 0.134267
0 0.381592 0.514691 0.194824 0.139734
0 0.597412 0.517253 0.195801 0.140075
0 0.251465 0.759993 0.225586 0.119918
0 0.491699 0.759822 0.219727 0.120943
0 0.736572 0.763751 0.220215 0.122651
0 0.352295 0.899898 0.227051 0.118893
0 0.602783 0.898873 0.224121 0.120943
