0 0.175537 0.200035 0.164551 0.167545
0 0.382080 0.197050 0.160645 0.170706
0 0.738281 0.198103 0.164062 0.166491
0 0.245605 0.397963 0.190430 0.141904
0 0.454590 0.396382 0.195312 0.142957
0 0.665527 0.398314 0.189453 0.139094
0 0.344482 0.552336 0.186035 0.134528
0 0.557129 0.550228 0.188477 0.141553
0 0.218018 0.727784 0.217285 0.120829
0 0.453125 0.728135 0.218750 0.122234
0 0.687988 0.729364 0.222656 0.128908
0 0.226318 0.865824 0.212402 0.127854
0 0.457031 0.868809 0.222656 0.127503
0 0.691650 0.866702 0.221191 0.121180
