0 0.065430 0.371092 0.117188 0.115560
0 0.215576 0.371970 0.112793 0.115911
0 0.368164 0.376010 0.119141 0.102213
0 0.532471 0.379522 0.118652 0.102915
0 0.689209 0.373200 0.115723 0.107130
0 0.840332 0.374780 0.114258 0.106779
0 0.219971 0.515279 0.115723 0.103267
0 0.373779 0.513172 0.112793 0.105374
0 0.532959 0.513699 0.116699 0.104320
0 0.687012 0.519494 0.117188 0.120126
0 0.062744 0.648402 0.114746 0.109589
0 0.220215 0.652441 0.116211 0.117668
0 0.375488 0.645416 0.116211 0.106428
0 0.528809 0.646821 0.117188 0.108535
0 0.685791 0.647699 0.112793 0.101862
0 0.842773 0.647699 0.116211 0.103969
0 0.218262 0.782227 0.123047 0.107482
0 0.220215 0.883737 0.112305 0.097647
