0 0.850830 0.910416 0.196777 0.089420
0 0.669189 0.911235 0.159668 0.092368
0 0.504395 0.910744 0.162109 0.092041
0 0.318604 0.912054 0.196777 0.092696
0 0.125977 0.913691 0.162109 0.094006
0 0.862061 0.786603 0.149902 0.135277
0 0.693604 0.789387 0.138184 0.132984
0 0.547363 0.788241 0.141602 0.133311
0 0.394287 0.789715 0.140137 0.134949
0 0.253418 0.788569 0.138672 0.133967
0 0.115967 0.789060 0.138184 0.131674
0 0.932129 0.603505 0.128906 0.105142
0 0.760010 0.608745 0.209473 0.094006
0 0.546143 0.609728 0.202637 0.095971
0 0.344238 0.608909 0.196289 0.097609
0 0.147217 0.609728 0.195801 0.092696
0 0.820557 0.463479 0.164551 0.178185
0 0.639648 0.492630 0.189453 0.125123
0 0.430664 0.493449 0.185547 0.125450
0 0.266846 0.490174 0.139160 0.132001
0 0.119873 0.490501 0.143066 0.137242
0 0.872803 0.294792 0.140137 0.132984
0 0.729492 0.293973 0.136719 0.133967
0 0.581055 0.294628 0.137695 0.132656
0 0.428467 0.294792 0.152832 0.132984
0 0.276611 0.293973 0.141113 0.134622
0 0.129395 0.295120 0.142578 0.134949
0 0.895020 0.089912 0.140625 0.132656
0 0.751221 0.092204 0.139160 0.132001
0 0.609863 0.092532 0.139648 0.131346
0 0.467285 0.091058 0.141602 0.134294
0 0.328613 0.107272 0.127930 0.105142
0 0.194336 0.104487 0.135742 0.107435
