0 0.863037 0.917637 0.115723 0.090183
0 0.740967 0.915141 0.113770 0.088519
0 0.605469 0.913810 0.157227 0.090516
0 0.442627 0.914309 0.163574 0.091514
0 0.279297 0.912646 0.156250 0.091514
0 0.112793 0.912146 0.161133 0.093844
0 0.794189 0.801331 0.259277 0.109817
0 0.562256 0.807488 0.195801 0.095507
0 0.346924 0.806489 0.198730 0.095507
0 0.129150 0.806156 0.197754 0.096173
0 0.836182 0.701830 0.196777 0.093844
0 0.624023 0.701664 0.196289 0.095507
0 0.414062 0.705657 0.218750 0.098170
0 0.161865 0.702829 0.254395 0.096506
0 0.836426 0.588186 0.140625 0.136106
0 0.685791 0.586522 0.144043 0.133444
0 0.545166 0.586855 0.139160 0.134110
0 0.395020 0.586689 0.139648 0.136439
0 0.240723 0.586522 0.140625 0.134775
0 0.096680 0.584859 0.132812 0.136106
0 0.760010 0.404825 0.197754 0.098835
0 0.545166 0.403161 0.197754 0.098835
0 0.332764 0.402662 0.197754 0.096506
0 0.125244 0.400998 0.197754 0.097837
0 0.764160 0.303993 0.204102 0.098835
0 0.548828 0.303328 0.197266 0.097504
0 0.333496 0.302829 0.196289 0.095175
0 0.123291 0.302329 0.198730 0.095507
0 0.753906 0.202496 0.197266 0.097504
0 0.541504 0.202163 0.197266 0.096839
0 0.360107 0.196506 0.123535 0.104825
0 0.222900 0.197504 0.126465 0.104160
0 0.090332 0.197338 0.127930 0.103161
0 0.819336 0.101498 0.118164 0.089850
0 0.688965 0.090682 0.136719 0.109484
0 0.545410 0.079035 0.141602 0.136772
0 0.392578 0.078536 0.144531 0.135774
0 0.232666 0.077537 0.139160 0.136439
0 0.077148 0.074043 0.145508 0.138103
