0 0.881836 0.913805 0.112305 0.091030
0 0.765381 0.913805 0.113770 0.091030
0 0.623291 0.910137 0.163574 0.095032
0 0.452148 0.910470 0.161133 0.094365
0 0.284912 0.911137 0.163574 0.092364
0 0.111328 0.911137 0.160156 0.091030
0 0.823730 0.807102 0.161133 0.094365
0 0.650146 0.808936 0.160645 0.093364
0 0.468262 0.807603 0.192383 0.093364
0 0.281494 0.808103 0.156738 0.091697
0 0.117432 0.807936 0.162598 0.092698
0 0.771729 0.706902 0.162598 0.092031
0 0.600830 0.707236 0.162598 0.094031
0 0.437744 0.706569 0.161621 0.090697
0 0.274170 0.704902 0.160645 0.092698
0 0.114258 0.705569 0.159180 0.094031
0 0.729004 0.605535 0.196289 0.097366
0 0.534180 0.604368 0.185547 0.095032
0 0.333496 0.606035 0.196289 0.093698
0 0.123535 0.605702 0.196289 0.092364
0 0.831299 0.503835 0.196777 0.092698
0 0.624756 0.503501 0.192871 0.093364
0 0.441895 0.504001 0.160156 0.092364
0 0.275879 0.502668 0.160156 0.091697
0 0.112061 0.504335 0.158691 0.091697
0 0.862305 0.406636 0.161133 0.094365
0 0.679932 0.407136 0.196777 0.090030
0 0.469482 0.402634 0.209473 0.098366
0 0.276123 0.405135 0.159668 0.093364
0 0.109619 0.405635 0.158691 0.091030
0 0.764160 0.305769 0.165039 0.092698
0 0.589111 0.307436 0.156738 0.090697
0 0.427734 0.307436 0.156250 0.089363
0 0.261963 0.305769 0.160645 0.092698
0 0.098389 0.306435 0.155762 0.090697
0 0.782227 0.203068 0.161133 0.097366
0 0.620361 0.205068 0.159668 0.093364
0 0.456543 0.205068 0.160156 0.093364
0 0.291748 0.204235 0.159668 0.093031
0 0.115479 0.205902 0.197754 0.090363
0 0.745361 0.095032 0.137207 0.108703
0 0.606689 0.095865 0.133301 0.107036
0 0.474365 0.096699 0.127441 0.105368
0 0.342285 0.098366 0.126953 0.102034
0 0.214600 0.096532 0.124512 0.105035
0 0.083740 0.097533 0.127441 0.103701
