0 0.903564 0.933489 0.159668 0.091121
0 0.745850 0.933987 0.159668 0.092118
0 0.589111 0.934320 0.158691 0.090123
0 0.431641 0.934320 0.158203 0.091453
0 0.272949 0.936315 0.158203 0.090788
0 0.114014 0.936814 0.158691 0.091121
0 0.900391 0.819255 0.139648 0.110742
0 0.738037 0.812438 0.186035 0.127037
0 0.543457 0.813435 0.189453 0.127037
0 0.346436 0.814932 0.187988 0.124044
0 0.150391 0.815098 0.189453 0.125707
0 0.920654 0.629199 0.157715 0.092451
0 0.745361 0.626206 0.195801 0.096442
0 0.550537 0.626704 0.196777 0.098770
0 0.348389 0.626704 0.197754 0.097439
0 0.144043 0.627203 0.196289 0.096442
0 0.912598 0.516628 0.156250 0.109411
0 0.758301 0.516295 0.157227 0.108746
0 0.603516 0.515963 0.156250 0.111407
0 0.447021 0.515963 0.159668 0.108081
0 0.288086 0.516628 0.162109 0.108081
0 0.121338 0.512970 0.158691 0.112072
0 0.599609 0.417193 0.160156 0.092784
0 0.435791 0.418856 0.159668 0.091453
0 0.278320 0.420519 0.160156 0.091453
0 0.910156 0.316262 0.159180 0.110409
0 0.753906 0.316262 0.159180 0.112404
0 0.598145 0.315431 0.162109 0.114067
0 0.439453 0.317592 0.160156 0.111074
0 0.280029 0.318091 0.158691 0.108746
0 0.115967 0.318923 0.157715 0.109079
0 0.895264 0.108913 0.158691 0.110076
0 0.733154 0.107915 0.158691 0.118058
0 0.585449 0.111739 0.138672 0.109079
0 0.447266 0.112571 0.136719 0.107416
0 0.310059 0.112238 0.135742 0.109411
0 0.174805 0.112238 0.135742 0.111407
