0 0.850098 0.893535 0.141602 0.134955
0 0.697021 0.893369 0.140137 0.136621
0 0.516357 0.912363 0.201660 0.095968
0 0.309082 0.911363 0.196289 0.097301
0 0.110107 0.911030 0.198730 0.096634
0 0.519043 0.806898 0.210938 0.096968
0 0.308350 0.807064 0.197754 0.096634
0 0.111084 0.808064 0.196777 0.093969
0 0.809082 0.756914 0.141602 0.134955
0 0.437256 0.707098 0.157715 0.093302
0 0.274902 0.706098 0.160156 0.093302
0 0.108887 0.707098 0.160156 0.093302
0 0.648926 0.685938 0.141602 0.138287
0 0.801025 0.586138 0.145020 0.135955
0 0.441895 0.607131 0.160156 0.092636
0 0.193604 0.605798 0.310059 0.093302
0 0.605713 0.505831 0.159668 0.089970
0 0.439453 0.504998 0.157227 0.091636
0 0.276367 0.504832 0.156250 0.089970
0 0.114990 0.503665 0.157715 0.092303
0 0.767822 0.406698 0.159668 0.088970
0 0.602295 0.405531 0.158691 0.089970
0 0.439209 0.404199 0.158691 0.092636
0 0.278809 0.402866 0.161133 0.094635
0 0.114990 0.403865 0.157715 0.089970
0 0.774902 0.305731 0.161133 0.092969
0 0.587158 0.288737 0.187012 0.128957
0 0.392578 0.286405 0.188477 0.131623
0 0.161865 0.294568 0.263184 0.112629
0 0.784912 0.199434 0.159668 0.095635
0 0.579102 0.086804 0.512695 0.114962
0 0.180176 0.088137 0.260742 0.111629
