0 0.918457 0.939853 0.131836 0.074975
0 0.789307 0.921360 0.114746 0.110630
0 0.665283 0.922692 0.115723 0.109963
0 0.551758 0.921859 0.113281 0.111629
0 0.436035 0.922526 0.113281 0.109630
0 0.323730 0.922026 0.111328 0.109297
0 0.208740 0.922526 0.113770 0.108297
0 0.094727 0.921693 0.114258 0.111296
0 0.915527 0.725425 0.160156 0.095968
0 0.752197 0.723092 0.162598 0.097301
0 0.602783 0.721260 0.124512 0.102299
0 0.473145 0.717927 0.133789 0.107631
0 0.329834 0.711430 0.149902 0.120626
0 0.154053 0.716928 0.211426 0.111629
0 0.852295 0.514662 0.201660 0.112962
0 0.667725 0.510996 0.149902 0.118960
0 0.456787 0.511996 0.260254 0.118294
0 0.251221 0.500500 0.134277 0.135288
0 0.113770 0.512163 0.137695 0.111963
0 0.842529 0.311063 0.152832 0.122293
0 0.651611 0.308397 0.217285 0.124958
0 0.456787 0.300733 0.157715 0.141619
0 0.288818 0.294902 0.170410 0.154615
0 0.116455 0.299567 0.173340 0.142619
0 0.896240 0.112463 0.138184 0.112962
0 0.759033 0.104632 0.139160 0.127291
0 0.621582 0.111629 0.137695 0.113296
0 0.483398 0.113296 0.135742 0.108630
0 0.338867 0.113296 0.138672 0.111296
