0 0.858398 0.908817 0.132812 0.106604
0 0.715576 0.907979 0.130371 0.108280
0 0.550781 0.901609 0.174805 0.116996
0 0.383301 0.899262 0.145508 0.122360
0 0.234619 0.900268 0.147949 0.118337
0 0.081299 0.897922 0.146973 0.119678
0 0.866943 0.803553 0.130371 0.105934
0 0.720947 0.802715 0.132324 0.105598
0 0.810547 0.703151 0.171875 0.100235
0 0.553711 0.702145 0.334961 0.098894
0 0.292480 0.701978 0.173828 0.101240
0 0.095947 0.701307 0.178223 0.100570
0 0.750977 0.603084 0.179688 0.101240
0 0.565430 0.602414 0.174805 0.100570
0 0.380859 0.602581 0.171875 0.100235
0 0.213135 0.598726 0.132324 0.106604
0 0.081299 0.600235 0.131348 0.105598
0 0.859619 0.497486 0.130371 0.106604
0 0.726074 0.498659 0.131836 0.105598
0 0.594482 0.497653 0.130371 0.105598
0 0.465820 0.495977 0.126953 0.105598
0 0.339600 0.494469 0.128418 0.107275
0 0.215576 0.494133 0.132324 0.104593
0 0.085938 0.494972 0.131836 0.106269
0 0.891602 0.300536 0.131836 0.108280
0 0.757568 0.300369 0.131348 0.106604
0 0.627930 0.299195 0.131836 0.106939
0 0.497070 0.298357 0.132812 0.108615
0 0.360840 0.298693 0.129883 0.106604
0 0.224121 0.298693 0.131836 0.104593
0 0.093506 0.297519 0.134277 0.104257
0 0.777832 0.201978 0.116211 0.093530
0 0.662354 0.201475 0.109863 0.093195
0 0.550293 0.199966 0.107422 0.092860
0 0.437256 0.200637 0.108887 0.091519
0 0.322998 0.199296 0.114746 0.092189
0 0.204590 0.200637 0.112305 0.091519
0 0.090088 0.198961 0.109863 0.091519
0 0.677490 0.096547 0.135254 0.107275
0 0.535645 0.101743 0.136719 0.096212
0 0.383301 0.103084 0.160156 0.092189
0 0.232666 0.096212 0.132324 0.107275
0 0.095459 0.095039 0.133301 0.106269
