0 0.871094 0.880373 0.154297 0.160613
0 0.718018 0.877874 0.162598 0.164279
0 0.546387 0.879707 0.156250 0.159280
0 0.390381 0.879707 0.153809 0.157281
0 0.231689 0.881373 0.153809 0.157281
0 0.083984 0.895035 0.141602 0.129957
0 0.412354 0.701266 0.139160 0.105631
0 0.268066 0.700766 0.138672 0.105298
0 0.120850 0.701599 0.138184 0.102966
0 0.820312 0.587471 0.238281 0.129957
0 0.461670 0.587304 0.462402 0.128291
0 0.777832 0.380873 0.165039 0.139953
0 0.549805 0.397701 0.224609 0.103632
0 0.330811 0.381539 0.162598 0.139287
0 0.141602 0.380373 0.166992 0.138287
0 0.800049 0.202766 0.246582 0.090970
0 0.567139 0.199933 0.202637 0.098634
0 0.351562 0.200600 0.213867 0.093302
0 0.311523 0.094635 0.199219 0.095968
