0 0.436035 0.924858 0.228516 0.104965
0 0.181396 0.925025 0.227051 0.104632
0 0.766113 0.796068 0.154297 0.153282
0 0.603760 0.795068 0.155762 0.153282
0 0.443848 0.795901 0.154297 0.152949
0 0.289307 0.795402 0.152832 0.153949
0 0.130615 0.794568 0.152832 0.154282
0 0.875488 0.618794 0.225586 0.105965
0 0.639160 0.618461 0.224609 0.104632
0 0.400391 0.618627 0.225586 0.104965
0 0.370117 0.519160 0.101562 0.096634
0 0.664062 0.421859 0.210938 0.101300
0 0.427979 0.420193 0.214355 0.097967
0 0.154785 0.417194 0.229492 0.107298
0 0.718262 0.293236 0.156250 0.153282
0 0.548340 0.289570 0.152344 0.159280
0 0.373291 0.292569 0.153809 0.153282
0 0.851562 0.119960 0.122070 0.097967
0 0.707520 0.126958 0.141602 0.080640
0 0.566650 0.127291 0.140137 0.079973
0 0.396240 0.122459 0.187988 0.091636
