0 0.865723 0.942186 0.132812 0.077641
0 0.731445 0.934355 0.113281 0.093302
0 0.612793 0.933855 0.111328 0.092303
0 0.493408 0.933689 0.110840 0.093969
0 0.228027 0.925525 0.415039 0.102299
0 0.841797 0.828724 0.112305 0.090636
0 0.720947 0.829057 0.112793 0.089970
0 0.549561 0.822559 0.211426 0.101633
0 0.332275 0.823725 0.203613 0.100633
0 0.121582 0.821559 0.203125 0.101633
0 0.880615 0.723426 0.129395 0.103965
0 0.713867 0.722592 0.200195 0.100966
0 0.510010 0.721260 0.202637 0.100300
0 0.318604 0.725258 0.159668 0.091636
0 0.124756 0.720427 0.203613 0.099967
0 0.800293 0.622626 0.250977 0.100966
0 0.604980 0.621793 0.129883 0.099300
0 0.469238 0.621793 0.131836 0.100633
0 0.306641 0.627624 0.184570 0.090970
0 0.119141 0.625125 0.185547 0.092636
0 0.846680 0.527657 0.149414 0.087637
0 0.703369 0.519160 0.128418 0.100633
0 0.576416 0.519660 0.128418 0.101633
0 0.406982 0.519160 0.202637 0.100633
0 0.233398 0.517994 0.130859 0.102966
0 0.104980 0.516994 0.127930 0.101633
0 0.801514 0.422193 0.202637 0.101300
0 0.577881 0.420027 0.202637 0.100966
0 0.345703 0.418527 0.201172 0.100633
0 0.130615 0.416694 0.206543 0.104299
0 0.879150 0.322559 0.130371 0.099967
0 0.745605 0.321893 0.131836 0.102632
0 0.582520 0.321559 0.132812 0.101966
0 0.433350 0.320227 0.128418 0.100633
0 0.299805 0.325725 0.110352 0.088304
0 0.183838 0.323725 0.107910 0.088970
0 0.073975 0.324059 0.109863 0.089637
0 0.887695 0.225092 0.111328 0.091636
0 0.778076 0.225925 0.109863 0.086638
0 0.659912 0.217594 0.129395 0.103299
0 0.533936 0.225258 0.109863 0.087304
0 0.420654 0.224092 0.114746 0.089637
0 0.300537 0.224425 0.113770 0.090970
0 0.467041 0.089970 0.148926 0.159947
0 0.306152 0.086804 0.151367 0.161613
0 0.145020 0.088804 0.156250 0.157614
