0 0.819824 0.928690 0.212891 0.102632
0 0.600830 0.929857 0.213379 0.101633
0 0.385986 0.930523 0.213379 0.102299
0 0.166748 0.932189 0.210449 0.097634
0 0.737793 0.825392 0.214844 0.103965
0 0.560791 0.820726 0.134277 0.109963
0 0.421143 0.821393 0.130371 0.109297
0 0.283936 0.822892 0.134277 0.108964
0 0.132568 0.807897 0.148926 0.140953
0 0.762695 0.604798 0.258789 0.140620
0 0.493164 0.605298 0.252930 0.139620
0 0.213867 0.588304 0.287109 0.175608
0 0.922852 0.414195 0.135742 0.113962
0 0.738037 0.419194 0.200684 0.102632
0 0.546875 0.426191 0.171875 0.089970
0 0.320312 0.420693 0.249023 0.102299
0 0.122559 0.422193 0.131836 0.099967
0 0.886963 0.306231 0.173340 0.099300
0 0.651367 0.313562 0.164062 0.095968
0 0.447754 0.301233 0.146484 0.139287
0 0.294189 0.303232 0.149902 0.138620
0 0.137207 0.302233 0.151367 0.139953
0 0.827637 0.094469 0.152344 0.142286
0 0.668945 0.094802 0.147461 0.141619
0 0.514404 0.095801 0.148926 0.140287
0 0.357422 0.096301 0.151367 0.140620
0 0.201416 0.097134 0.147949 0.138954
