0 0.878662 0.928690 0.153809 0.093302
0 0.717529 0.928690 0.146973 0.089970
0 0.558105 0.929024 0.145508 0.089304
0 0.402344 0.930357 0.151367 0.089970
0 0.244873 0.929523 0.148926 0.091636
0 0.091309 0.929690 0.151367 0.090636
0 0.875732 0.824392 0.149902 0.091303
0 0.713867 0.825225 0.110352 0.091636
0 0.597900 0.822726 0.111816 0.091303
0 0.478760 0.804065 0.110840 0.120626
0 0.349854 0.818394 0.129395 0.103299
0 0.212158 0.819727 0.129395 0.102632
0 0.084961 0.818894 0.131836 0.100966
0 0.896973 0.722259 0.110352 0.091636
0 0.778809 0.722093 0.112305 0.091969
0 0.083984 0.722926 0.114258 0.091636
0 0.876465 0.612129 0.136719 0.111296
0 0.729736 0.622626 0.111816 0.090970
0 0.595459 0.623792 0.111816 0.089970
0 0.477051 0.623459 0.110352 0.090636
0 0.358643 0.622792 0.107910 0.089970
0 0.233154 0.623959 0.139160 0.088304
0 0.090332 0.627124 0.136719 0.083306
0 0.642578 0.517827 0.160156 0.093302
0 0.485596 0.514329 0.131348 0.100300
0 0.350830 0.513662 0.128418 0.101633
0 0.215820 0.514995 0.129883 0.101633
0 0.088135 0.514329 0.128418 0.101633
0 0.870117 0.414029 0.133789 0.100966
0 0.736328 0.412862 0.127930 0.099967
0 0.612549 0.414029 0.127441 0.098967
0 0.485840 0.413029 0.126953 0.100966
0 0.351807 0.413529 0.130371 0.099967
0 0.220703 0.414862 0.128906 0.099300
0 0.092285 0.414029 0.131836 0.100966
0 0.754883 0.313729 0.201172 0.100966
0 0.560547 0.294568 0.152344 0.140620
0 0.398682 0.291070 0.148926 0.145618
0 0.243896 0.293735 0.150879 0.138954
0 0.095703 0.291236 0.147461 0.143952
0 0.759766 0.210430 0.204102 0.105631
0 0.719971 0.084638 0.158691 0.145951
0 0.564697 0.087471 0.148926 0.139620
0 0.412354 0.088471 0.150879 0.138287
0 0.250244 0.085805 0.153809 0.146285
0 0.095947 0.089304 0.148926 0.139953
