0 0.125977 0.910197 0.123047 0.096301
0 0.654053 0.706098 0.214355 0.091969
0 0.484131 0.706098 0.109863 0.089970
0 0.367188 0.706598 0.114258 0.088970
0 0.174805 0.705265 0.267578 0.092969
0 0.476074 0.606131 0.112305 0.089970
0 0.356689 0.607131 0.108887 0.089970
0 0.232422 0.605298 0.123047 0.094968
0 0.109619 0.606465 0.112793 0.089970
0 0.840088 0.504332 0.113770 0.090970
0 0.717285 0.503332 0.112305 0.090970
0 0.596191 0.502666 0.111328 0.092303
0 0.476562 0.503832 0.111328 0.091303
0 0.357910 0.503332 0.113281 0.090970
0 0.234619 0.504665 0.110840 0.089637
0 0.112793 0.505165 0.111328 0.090636
0 0.386230 0.401533 0.208984 0.095302
0 0.167725 0.402699 0.213379 0.095635
0 0.820557 0.302066 0.208496 0.095635
0 0.602783 0.302732 0.209473 0.097634
0 0.387939 0.302399 0.209473 0.096968
0 0.165771 0.302899 0.215332 0.097301
0 0.653564 0.203765 0.110840 0.090970
0 0.535156 0.204099 0.111328 0.090303
0 0.410645 0.203266 0.111328 0.089970
0 0.285400 0.204598 0.112793 0.090636
0 0.160889 0.204099 0.111816 0.090303
0 0.739014 0.097634 0.130371 0.103299
0 0.593018 0.096634 0.129395 0.103299
0 0.464355 0.097134 0.130859 0.102299
0 0.329102 0.096301 0.131836 0.102632
0 0.180908 0.093802 0.138184 0.114295
