0 0.822510 0.900700 0.221191 0.113296
0 0.582764 0.901033 0.213379 0.113962
0 0.352783 0.900200 0.215332 0.115628
0 0.126953 0.899700 0.212891 0.113296
0 0.125000 0.694102 0.213867 0.112629
0 0.342285 0.694935 0.214844 0.112296
0 0.555664 0.694269 0.216797 0.114295
0 0.777344 0.693935 0.218750 0.114962
0 0.410645 0.495501 0.225586 0.105965
0 0.164307 0.489837 0.252441 0.115961
0 0.131836 0.294402 0.203125 0.112296
0 0.358154 0.297068 0.226074 0.105631
0 0.580566 0.296568 0.224609 0.105298
0 0.814209 0.296568 0.228027 0.104632
0 0.788086 0.091969 0.200195 0.112629
0 0.618896 0.087637 0.136230 0.119960
0 0.468262 0.079973 0.165039 0.138620
0 0.279785 0.091636 0.214844 0.111963
0 0.598877 0.483006 0.142090 0.131623
0 0.747803 0.483172 0.145020 0.129957
0 0.898193 0.484505 0.149902 0.127957
