0 0.105713 0.907697 0.123535 0.095968
0 0.237305 0.907364 0.120117 0.094635
0 0.360596 0.907364 0.127441 0.096634
0 0.480713 0.909530 0.118652 0.094302
0 0.601807 0.909530 0.118652 0.094302
0 0.725098 0.911030 0.123047 0.095968
0 0.854736 0.911696 0.119629 0.096634
0 0.852539 0.806065 0.120117 0.095968
0 0.723145 0.807231 0.116211 0.094968
0 0.598633 0.804399 0.121094 0.097301
0 0.472168 0.804399 0.122070 0.095968
0 0.351562 0.803732 0.120117 0.097301
0 0.233643 0.802899 0.125488 0.098967
0 0.108643 0.803732 0.122559 0.093969
0 0.106689 0.702932 0.123535 0.090970
0 0.228760 0.702766 0.119629 0.093969
0 0.347900 0.702932 0.120605 0.094302
0 0.466064 0.702099 0.120605 0.095968
0 0.594238 0.701599 0.121094 0.096301
0 0.725586 0.702099 0.125000 0.097301
0 0.853027 0.703599 0.125977 0.095635
0 0.893799 0.604965 0.124512 0.094302
0 0.765137 0.601799 0.123047 0.096634
0 0.646240 0.604132 0.119629 0.093969
0 0.521240 0.601633 0.119629 0.098967
0 0.398193 0.603466 0.119629 0.093302
0 0.275879 0.603632 0.124023 0.093635
0 0.153076 0.493169 0.230957 0.106631
0 0.844482 0.500666 0.203613 0.096301
0 0.337891 0.476175 0.137695 0.140620
0 0.497314 0.474009 0.171387 0.149617
0 0.664062 0.469843 0.157227 0.156614
0 0.839111 0.392203 0.190918 0.113296
0 0.829590 0.195102 0.190430 0.104965
0 0.486572 0.301066 0.184082 0.094302
0 0.635254 0.169110 0.169922 0.153615
0 0.454590 0.146451 0.191406 0.198267
0 0.265625 0.200933 0.162109 0.089970
0 0.258789 0.070810 0.143555 0.141619
