0 0.868164 0.791569 0.195312 0.117627
0 0.673828 0.783572 0.172852 0.131623
0 0.471924 0.787571 0.232910 0.124958
0 0.174316 0.788404 0.341797 0.119960
0 0.129639 0.594469 0.207520 0.105965
0 0.324707 0.605798 0.176758 0.084638
0 0.505859 0.605298 0.178711 0.082306
0 0.685303 0.606298 0.178223 0.082306
0 0.864014 0.606298 0.179199 0.082306
0 0.770508 0.486671 0.224609 0.116961
0 0.579346 0.479174 0.147949 0.131956
0 0.420654 0.473842 0.159668 0.142619
0 0.256348 0.473009 0.159180 0.142286
0 0.099854 0.470676 0.148926 0.144952
0 0.103271 0.292736 0.188965 0.104965
0 0.289062 0.248917 0.159180 0.192602
0 0.456543 0.291403 0.165039 0.110963
0 0.658447 0.288904 0.229980 0.120626
0 0.859863 0.284239 0.143555 0.129957
0 0.787842 0.072476 0.161621 0.142952
0 0.625000 0.072143 0.161133 0.142286
0 0.466309 0.072642 0.159180 0.143286
0 0.312500 0.077974 0.143555 0.129290
0 0.134033 0.085138 0.212402 0.114962
