0 0.253174 0.919360 0.212402 0.107298
0 0.494873 0.918694 0.210449 0.107298
0 0.760986 0.916694 0.116699 0.109963
0 0.895264 0.894535 0.139160 0.154282
0 0.755859 0.817228 0.131836 0.078307
0 0.619873 0.812396 0.139160 0.108630
0 0.462402 0.790570 0.166016 0.151616
0 0.297119 0.804565 0.154785 0.124292
0 0.144531 0.804065 0.155273 0.124625
0 0.842285 0.674275 0.230469 0.184272
0 0.652344 0.622459 0.116211 0.089304
0 0.523926 0.626791 0.131836 0.077308
0 0.402344 0.620460 0.113281 0.089970
0 0.281250 0.617128 0.113281 0.089970
0 0.633545 0.494002 0.151855 0.138287
0 0.484619 0.491836 0.141113 0.145951
0 0.156250 0.405032 0.227539 0.118294
0 0.823242 0.205765 0.217773 0.111629
0 0.606445 0.205432 0.214844 0.112296
0 0.390137 0.206598 0.215820 0.111296
0 0.164795 0.207431 0.234863 0.106964
0 0.717773 0.095302 0.232422 0.109297
0 0.474365 0.095801 0.235840 0.109630
0 0.238037 0.099633 0.236816 0.111296
