0 0.132568 0.915195 0.211426 0.086305
0 0.356445 0.913529 0.210938 0.087637
0 0.538086 0.919027 0.136719 0.079307
0 0.672607 0.913029 0.116699 0.091969
0 0.792969 0.912529 0.115234 0.090303
0 0.909424 0.913196 0.110840 0.089637
0 0.904541 0.808730 0.108887 0.088637
0 0.720703 0.807231 0.201172 0.094968
0 0.496338 0.810230 0.231934 0.088970
0 0.270508 0.808897 0.210938 0.087637
0 0.094238 0.799733 0.128906 0.107964
0 0.096680 0.707597 0.131836 0.077641
0 0.271973 0.708597 0.210938 0.087637
0 0.483887 0.704932 0.197266 0.092969
0 0.664551 0.704099 0.155273 0.091969
0 0.843750 0.704932 0.196289 0.093635
0 0.847900 0.602799 0.194824 0.091303
0 0.649658 0.604132 0.194824 0.092636
0 0.453857 0.604132 0.196777 0.094635
0 0.293701 0.606798 0.116699 0.091969
0 0.131348 0.605465 0.198242 0.093969
0 0.107910 0.510163 0.131836 0.078640
0 0.245850 0.502999 0.135254 0.093635
0 0.421143 0.501999 0.195801 0.093635
0 0.642090 0.501666 0.197266 0.094302
0 0.878906 0.495501 0.139648 0.105965
0 0.774414 0.401699 0.113281 0.090970
0 0.662842 0.404032 0.109863 0.090970
0 0.545898 0.403699 0.112305 0.090303
0 0.428467 0.402366 0.114746 0.095635
0 0.310059 0.403532 0.120117 0.093969
0 0.132568 0.294069 0.243652 0.113629
0 0.628418 0.300566 0.214844 0.098634
0 0.845947 0.274242 0.224121 0.150616
0 0.723145 0.083639 0.243164 0.112629
0 0.506348 0.160113 0.168945 0.175608
0 0.337402 0.160280 0.169922 0.171943
0 0.140381 0.183272 0.224121 0.109297
