0 0.830078 0.925691 0.209961 0.087971
0 0.630371 0.901033 0.142578 0.137954
0 0.487793 0.903199 0.136719 0.135621
0 0.319824 0.916195 0.191406 0.109630
0 0.141357 0.907031 0.160645 0.129290
0 0.800537 0.799400 0.137207 0.136621
0 0.654785 0.694269 0.137695 0.142286
0 0.447510 0.694435 0.269043 0.143286
0 0.176025 0.678607 0.241699 0.171609
0 0.852051 0.523825 0.248047 0.281906
0 0.657715 0.489503 0.132812 0.145951
0 0.518799 0.507831 0.131348 0.109297
0 0.381836 0.507664 0.129883 0.108297
0 0.184082 0.507498 0.249023 0.109963
0 0.122314 0.297734 0.140137 0.136288
0 0.273926 0.299567 0.162109 0.129290
0 0.440674 0.300233 0.158691 0.132622
0 0.600586 0.302732 0.134766 0.126958
0 0.778076 0.297401 0.137207 0.133622
0 0.911865 0.309230 0.126465 0.108630
0 0.925537 0.090636 0.129395 0.143952
0 0.734375 0.104632 0.249023 0.111296
0 0.481201 0.105965 0.250488 0.109297
0 0.234375 0.098967 0.242188 0.126624
