0 0.115723 0.936521 0.137695 0.078307
0 0.259033 0.935855 0.131348 0.078307
0 0.398682 0.936854 0.134277 0.078307
0 0.533936 0.936188 0.129395 0.076974
0 0.714600 0.930023 0.214355 0.091303
0 0.894287 0.930023 0.111816 0.088637
0 0.920898 0.816728 0.137695 0.106631
0 0.777344 0.816561 0.139648 0.106298
0 0.584961 0.833389 0.250000 0.076641
0 0.383789 0.832722 0.129883 0.077308
0 0.249512 0.834389 0.127930 0.073975
0 0.114990 0.832722 0.133301 0.077974
0 0.120361 0.729424 0.134277 0.079973
0 0.258789 0.731756 0.131836 0.075308
0 0.393555 0.730090 0.130859 0.079307
0 0.527100 0.727591 0.130371 0.076308
0 0.659180 0.725758 0.132812 0.079973
0 0.794678 0.723426 0.134277 0.080640
0 0.927002 0.723092 0.132324 0.082639
0 0.866943 0.623625 0.210449 0.089637
0 0.695068 0.623292 0.113770 0.091636
0 0.525146 0.622626 0.222168 0.094302
0 0.350342 0.624292 0.109863 0.089637
0 0.232178 0.624792 0.110840 0.090636
0 0.107666 0.623625 0.113770 0.091636
0 0.336670 0.521493 0.112793 0.089970
0 0.454102 0.520660 0.113281 0.092303
0 0.570068 0.521993 0.112793 0.090970
0 0.684082 0.521826 0.113281 0.089970
0 0.796631 0.520993 0.114746 0.092303
0 0.915283 0.520826 0.115723 0.091303
0 0.799805 0.427691 0.166992 0.077641
0 0.637207 0.420027 0.132812 0.093635
0 0.494629 0.427191 0.131836 0.079307
0 0.355957 0.426858 0.133789 0.077974
0 0.157227 0.475342 0.220703 0.181606
0 0.608887 0.319394 0.198242 0.096301
0 0.409180 0.320060 0.200195 0.096301
0 0.173828 0.328391 0.258789 0.080307
0 0.195801 0.221426 0.211914 0.088970
0 0.426514 0.218594 0.224121 0.091303
0 0.755127 0.210763 0.130371 0.110297
0 0.899658 0.209763 0.129395 0.108964
0 0.830078 0.097301 0.137695 0.108630
0 0.602539 0.094135 0.159180 0.129623
0 0.425293 0.094635 0.159180 0.132622
0 0.245361 0.095302 0.163574 0.131290
