0 0.817139 0.885205 0.212402 0.148284
0 0.600830 0.884705 0.210449 0.147284
0 0.414795 0.893036 0.162598 0.132622
0 0.250977 0.886038 0.132812 0.146618
0 0.103760 0.885372 0.134277 0.147284
0 0.734619 0.706598 0.196777 0.096968
0 0.536865 0.704932 0.198730 0.096301
0 0.333496 0.705598 0.198242 0.094968
0 0.130371 0.705265 0.199219 0.094302
0 0.877930 0.577141 0.166016 0.153282
0 0.713867 0.588970 0.161133 0.132289
0 0.550049 0.588804 0.157715 0.129957
0 0.359375 0.598134 0.203125 0.110630
0 0.132568 0.605798 0.218262 0.093969
0 0.067627 0.504499 0.115723 0.089970
0 0.884277 0.406031 0.112305 0.088970
0 0.765381 0.406698 0.109863 0.088970
0 0.651855 0.405865 0.112305 0.089304
0 0.541748 0.405198 0.110840 0.089304
0 0.427979 0.405531 0.110840 0.088637
0 0.314453 0.404698 0.111328 0.086971
0 0.201172 0.404865 0.108398 0.086638
0 0.090820 0.404532 0.112305 0.089970
0 0.796875 0.313396 0.135742 0.078307
0 0.593506 0.308231 0.269043 0.084638
0 0.310303 0.307398 0.270996 0.082972
0 0.100098 0.307064 0.141602 0.084305
0 0.884033 0.207264 0.145996 0.083306
0 0.742920 0.207431 0.138184 0.082972
0 0.605713 0.206598 0.136230 0.083306
0 0.475098 0.210763 0.129883 0.076308
0 0.327881 0.198767 0.162598 0.097634
0 0.134277 0.203099 0.214844 0.091636
0 0.675781 0.090303 0.250000 0.110630
0 0.418457 0.088637 0.254883 0.109297
0 0.157715 0.089137 0.251953 0.110297
0 0.186279 0.504832 0.108887 0.088637
0 0.308594 0.494002 0.109375 0.088970
0 0.419434 0.494835 0.109375 0.088637
