0 0.882324 0.916694 0.140625 0.083306
0 0.734863 0.916694 0.141602 0.081973
0 0.501953 0.906365 0.290039 0.107298
0 0.204590 0.906031 0.296875 0.106631
0 0.824707 0.810397 0.213867 0.089304
0 0.578369 0.802399 0.252441 0.103299
0 0.358398 0.799400 0.130859 0.109963
0 0.218750 0.798567 0.129883 0.108297
0 0.083496 0.798900 0.131836 0.110963
0 0.894531 0.694102 0.132812 0.098634
0 0.762451 0.690270 0.130371 0.108964
0 0.623779 0.692103 0.129395 0.109297
0 0.492188 0.691603 0.129883 0.109630
0 0.356201 0.691436 0.128418 0.109963
0 0.218262 0.690437 0.132812 0.109297
0 0.076660 0.690603 0.137695 0.108297
0 0.826172 0.588804 0.121094 0.089970
0 0.672363 0.572976 0.162109 0.129623
0 0.433838 0.572309 0.295410 0.128291
0 0.212158 0.579973 0.130371 0.108964
0 0.082520 0.579640 0.132812 0.110297
0 0.781494 0.396368 0.371582 0.108964
0 0.483398 0.401866 0.200195 0.098634
0 0.271973 0.401866 0.201172 0.097967
0 0.091064 0.405198 0.120605 0.093302
0 0.841309 0.302899 0.128906 0.079307
0 0.652100 0.298234 0.209473 0.087971
0 0.481201 0.304065 0.127441 0.094968
0 0.293213 0.301233 0.244629 0.099300
0 0.094238 0.303066 0.122070 0.094968
0 0.847900 0.201266 0.120605 0.097301
0 0.720703 0.201599 0.122070 0.096634
0 0.598633 0.201933 0.122070 0.093969
0 0.463135 0.208264 0.139160 0.083306
0 0.318115 0.208264 0.140137 0.081306
0 0.138916 0.204099 0.211426 0.088304
0 0.796143 0.105298 0.132324 0.090636
0 0.675293 0.104132 0.107422 0.086971
0 0.561035 0.104465 0.113281 0.090970
0 0.442627 0.104465 0.113770 0.088970
0 0.321289 0.104299 0.117188 0.089970
0 0.205322 0.103799 0.107910 0.088970
0 0.091309 0.102966 0.111328 0.089304
