0 0.738281 0.918694 0.137695 0.119294
0 0.555908 0.938854 0.129395 0.075641
0 0.398926 0.939187 0.135742 0.081639
0 0.252930 0.939520 0.138672 0.080973
0 0.107666 0.938854 0.136230 0.080973
0 0.526367 0.833889 0.136719 0.080973
0 0.367432 0.835888 0.129395 0.076974
0 0.236084 0.835555 0.134277 0.078974
0 0.099854 0.836554 0.130371 0.078307
0 0.891113 0.715428 0.161133 0.110630
0 0.651367 0.733589 0.130859 0.077641
0 0.527588 0.727924 0.109863 0.088970
0 0.415283 0.727924 0.109863 0.088970
0 0.301025 0.727924 0.110840 0.087637
0 0.145508 0.725092 0.198242 0.093302
0 0.709473 0.622459 0.209961 0.089970
0 0.500244 0.624125 0.201660 0.096634
0 0.308105 0.624125 0.170898 0.096634
0 0.133789 0.624125 0.169922 0.095302
0 0.864990 0.520160 0.169434 0.097301
0 0.676514 0.524492 0.160645 0.089970
0 0.510986 0.521659 0.174316 0.094302
0 0.326172 0.520160 0.193359 0.095968
0 0.138428 0.520660 0.173340 0.094968
0 0.862549 0.423525 0.223145 0.089304
0 0.660645 0.430190 0.131836 0.077308
0 0.520508 0.430690 0.131836 0.078307
0 0.382812 0.430523 0.135742 0.081306
0 0.243896 0.431190 0.128418 0.076641
0 0.108154 0.432189 0.133301 0.077974
0 0.911133 0.329890 0.131836 0.076641
0 0.777100 0.331723 0.130371 0.077641
0 0.644775 0.329890 0.132324 0.079973
0 0.504395 0.330057 0.133789 0.078974
0 0.311523 0.329057 0.247070 0.081639
0 0.111816 0.330057 0.137695 0.080973
0 0.920654 0.226758 0.139160 0.081639
0 0.780273 0.225258 0.139648 0.083972
0 0.641846 0.229424 0.130371 0.075641
0 0.445801 0.228257 0.250977 0.075308
0 0.252441 0.229590 0.127930 0.077308
0 0.110596 0.225758 0.138184 0.082972
0 0.889648 0.099467 0.160156 0.128957
0 0.707275 0.095801 0.197754 0.132956
0 0.514648 0.104632 0.189453 0.115961
0 0.335205 0.099800 0.162598 0.124958
0 0.182617 0.095302 0.137695 0.133955
