0 0.103027 0.727591 0.153320 0.088304
0 0.875244 0.899367 0.163574 0.155948
0 0.728271 0.916694 0.124512 0.120626
0 0.576416 0.924858 0.174316 0.104965
0 0.385010 0.825558 0.115723 0.093635
0 0.254883 0.821726 0.126953 0.103965
0 0.254395 0.720593 0.129883 0.103632
0 0.385742 0.720593 0.125977 0.100966
0 0.520020 0.720260 0.128906 0.101633
0 0.655029 0.719593 0.127441 0.103632
0 0.784668 0.719260 0.128906 0.101633
0 0.912354 0.627957 0.098145 0.083639
0 0.782715 0.619127 0.124023 0.100633
0 0.652344 0.619460 0.120117 0.099300
0 0.525635 0.617128 0.131348 0.102632
0 0.389160 0.618461 0.128906 0.097967
0 0.258057 0.619294 0.126465 0.096968
0 0.468506 0.495168 0.142090 0.143286
0 0.282471 0.495002 0.212402 0.146285
0 0.538818 0.313396 0.200684 0.110297
0 0.315918 0.317061 0.223633 0.104299
0 0.119873 0.311396 0.168457 0.115628
0 0.640625 0.210263 0.222656 0.101966
0 0.321045 0.210930 0.198730 0.107964
0 0.801025 0.083639 0.153809 0.152616
0 0.647705 0.084305 0.151855 0.151949
0 0.502197 0.091636 0.139160 0.138620
0 0.321045 0.104632 0.222168 0.102632
0 0.882812 0.298734 0.137695 0.137621
