0 0.819336 0.903173 0.342773 0.104678
0 0.501953 0.908734 0.201172 0.096173
0 0.326172 0.909061 0.114258 0.094864
0 0.207520 0.910206 0.110352 0.096500
0 0.090820 0.910043 0.114258 0.094864
0 0.872559 0.805201 0.193359 0.095191
0 0.672607 0.805528 0.194824 0.093883
0 0.475586 0.806019 0.195312 0.096173
0 0.311279 0.805365 0.115723 0.098135
0 0.185547 0.807327 0.118164 0.092247
0 0.864746 0.705430 0.193359 0.097154
0 0.669189 0.706739 0.191895 0.093883
0 0.489990 0.710010 0.159668 0.087995
0 0.303711 0.705594 0.195312 0.096173
0 0.117676 0.698724 0.132812 0.108603
0 0.824707 0.611547 0.166016 0.088649
0 0.644531 0.611384 0.164062 0.088322
0 0.480713 0.613019 0.160645 0.088976
0 0.313965 0.611874 0.163086 0.089303
0 0.865234 0.510958 0.165039 0.089630
0 0.708740 0.506542 0.120605 0.095846
0 0.567871 0.507524 0.120117 0.092574
0 0.436523 0.507197 0.114258 0.093229
0 0.305908 0.506706 0.136230 0.093556
0 0.489746 0.406935 0.250977 0.102715
0 0.245361 0.406608 0.223145 0.100752
0 0.832275 0.308799 0.226074 0.100098
0 0.587891 0.279195 0.150391 0.150147
0 0.427002 0.279032 0.150879 0.149820
0 0.239746 0.266928 0.205078 0.177952
0 0.832520 0.208374 0.225586 0.100098
0 0.900635 0.115473 0.110840 0.087013
0 0.729980 0.112038 0.207031 0.093883
0 0.502197 0.108113 0.246582 0.104351
0 0.252197 0.107949 0.245605 0.105332
