0 0.843506 0.908864 0.144043 0.135621
0 0.645264 0.913862 0.232910 0.124292
0 0.402100 0.911696 0.227051 0.133289
0 0.163330 0.912862 0.230957 0.130956
0 0.760742 0.714429 0.214844 0.116628
0 0.482178 0.705765 0.319824 0.132622
0 0.181641 0.711596 0.262695 0.122293
0 0.808594 0.517161 0.205078 0.103299
0 0.588867 0.517827 0.219727 0.099967
0 0.375488 0.518660 0.189453 0.099633
0 0.161377 0.521993 0.229980 0.091636
0 0.884033 0.419527 0.202637 0.099967
0 0.669678 0.421360 0.218262 0.094968
0 0.468262 0.419027 0.179688 0.100966
0 0.309570 0.422859 0.125977 0.093302
0 0.144287 0.423692 0.190918 0.092969
0 0.863281 0.320726 0.172852 0.096968
0 0.713135 0.323226 0.114746 0.094635
0 0.548340 0.320227 0.207031 0.099300
0 0.348145 0.322393 0.185547 0.094968
0 0.136230 0.323226 0.196289 0.098634
0 0.896973 0.226924 0.108398 0.079307
0 0.775879 0.221426 0.127930 0.098301
0 0.570312 0.219927 0.271484 0.096634
0 0.370117 0.220093 0.124023 0.094968
0 0.237549 0.225258 0.138184 0.085971
0 0.103027 0.221260 0.122070 0.095968
0 0.921143 0.109963 0.130371 0.116628
0 0.774902 0.123459 0.165039 0.088304
0 0.552979 0.111296 0.270996 0.113962
0 0.349854 0.119627 0.123535 0.097301
