0 0.873047 0.891869 0.156250 0.141619
0 0.714844 0.891869 0.157227 0.141619
0 0.557129 0.890370 0.156250 0.140620
0 0.401611 0.888371 0.153809 0.139953
0 0.243164 0.887204 0.158203 0.142286
0 0.086182 0.889537 0.154785 0.138954
0 0.864502 0.682939 0.161621 0.144952
0 0.689941 0.683272 0.161133 0.144285
0 0.519043 0.682273 0.164062 0.145618
0 0.312256 0.696101 0.226074 0.114628
0 0.110596 0.689104 0.138184 0.130623
0 0.865479 0.468844 0.158691 0.169277
0 0.696777 0.481006 0.160156 0.144952
0 0.521729 0.478007 0.163574 0.145618
0 0.354736 0.479007 0.157715 0.144285
0 0.180420 0.477507 0.164551 0.146618
0 0.868164 0.257581 0.168945 0.196601
0 0.681885 0.286238 0.187012 0.137288
0 0.503174 0.288237 0.145996 0.131956
0 0.329834 0.279907 0.161621 0.146618
0 0.097900 0.290736 0.146973 0.123625
0 0.819336 0.103299 0.119141 0.094635
0 0.687744 0.089470 0.148926 0.124292
0 0.533203 0.086638 0.147461 0.131290
0 0.381836 0.085472 0.150391 0.128957
0 0.231689 0.088304 0.140137 0.121959
0 0.089355 0.085472 0.141602 0.125625
