0 0.851807 0.900033 0.149902 0.153282
0 0.698486 0.900866 0.148926 0.152949
0 0.538086 0.900367 0.148438 0.153949
0 0.251953 0.907531 0.418945 0.136288
0 0.733887 0.726091 0.121094 0.089970
0 0.609131 0.725591 0.120605 0.092303
0 0.485107 0.724925 0.120605 0.090970
0 0.362061 0.725758 0.120605 0.090636
0 0.239258 0.726091 0.122070 0.091303
0 0.115234 0.726091 0.121094 0.089970
0 0.865479 0.625458 0.121582 0.090636
0 0.734863 0.626125 0.126953 0.089304
0 0.606689 0.623292 0.121582 0.096301
0 0.481445 0.626125 0.118164 0.090636
0 0.356934 0.624459 0.121094 0.089304
0 0.234375 0.624958 0.120117 0.091636
0 0.110596 0.624625 0.120605 0.090970
0 0.861328 0.524159 0.123047 0.088637
0 0.730225 0.523492 0.120605 0.093302
0 0.604004 0.521659 0.117188 0.091636
0 0.478027 0.520327 0.121094 0.097634
0 0.355957 0.520493 0.121094 0.093969
0 0.233154 0.518994 0.122559 0.094968
0 0.106201 0.519160 0.122559 0.094635
0 0.860596 0.418694 0.122559 0.095635
0 0.728271 0.418361 0.123535 0.096968
0 0.601807 0.418860 0.122559 0.097301
0 0.476318 0.420860 0.119629 0.094635
0 0.352295 0.420526 0.120605 0.095968
0 0.230225 0.420360 0.120605 0.094302
0 0.106445 0.420693 0.122070 0.094968
0 0.861816 0.319060 0.124023 0.096968
0 0.729980 0.319893 0.122070 0.095302
0 0.604980 0.320726 0.121094 0.093635
0 0.479736 0.320726 0.122559 0.093635
0 0.353516 0.322892 0.123047 0.090636
0 0.229980 0.321226 0.123047 0.092636
0 0.103516 0.322059 0.122070 0.090970
0 0.908691 0.220427 0.123047 0.088970
0 0.782471 0.220926 0.122559 0.089970
0 0.653809 0.220926 0.121094 0.089970
0 0.514160 0.222259 0.141602 0.086638
0 0.350586 0.218594 0.180664 0.095968
0 0.152344 0.219427 0.210938 0.095635
0 0.848633 0.113795 0.253906 0.088970
0 0.657471 0.105132 0.133301 0.111629
0 0.502930 0.090470 0.156250 0.140953
0 0.346191 0.092469 0.155273 0.138287
0 0.185791 0.093302 0.153809 0.138620
