0 0.096436 0.815062 0.146973 0.075308
0 0.834229 0.646784 0.210449 0.210596
0 0.614014 0.712596 0.137207 0.080307
0 0.465576 0.714762 0.151855 0.075975
0 0.329590 0.707264 0.118164 0.088970
0 0.209473 0.705765 0.119141 0.090636
0 0.084961 0.707098 0.119141 0.089970
0 0.579590 0.604798 0.116211 0.093969
0 0.454102 0.604299 0.116211 0.094968
0 0.329102 0.606131 0.115234 0.093302
0 0.208496 0.605631 0.114258 0.093635
0 0.083496 0.605965 0.117188 0.094302
0 0.136475 0.499000 0.229004 0.097634
0 0.143799 0.400700 0.217285 0.098967
0 0.375977 0.401699 0.224609 0.095635
0 0.601807 0.400533 0.218262 0.099300
0 0.829102 0.401033 0.220703 0.099633
0 0.828369 0.300400 0.216309 0.100966
0 0.604980 0.301566 0.220703 0.097301
0 0.380371 0.302566 0.221680 0.096634
0 0.155273 0.302066 0.222656 0.096968
0 0.111328 0.209597 0.136719 0.076641
0 0.248291 0.209597 0.134277 0.079307
0 0.389648 0.209430 0.141602 0.078307
0 0.534180 0.210930 0.143555 0.075975
0 0.676270 0.210596 0.146484 0.076641
0 0.827881 0.210763 0.147949 0.078307
0 0.765381 0.109630 0.148926 0.079973
0 0.633301 0.093635 0.111328 0.107964
0 0.516602 0.092802 0.114258 0.110297
0 0.403564 0.093136 0.107910 0.110963
0 0.280762 0.094635 0.108398 0.109297
0 0.161377 0.094302 0.114746 0.109963
