0 0.306396 0.925525 0.178223 0.101633
0 0.838135 0.819227 0.180176 0.107631
0 0.655518 0.811563 0.158691 0.124958
0 0.486084 0.810397 0.158691 0.123292
0 0.305908 0.817561 0.181152 0.108297
0 0.862305 0.580806 0.189453 0.183939
0 0.692139 0.606964 0.135254 0.132289
0 0.479248 0.613462 0.281738 0.113296
0 0.185059 0.622626 0.208984 0.094968
0 0.200195 0.514662 0.293945 0.103632
0 0.364258 0.414528 0.301758 0.107964
0 0.648438 0.416694 0.306641 0.104965
0 0.894043 0.339387 0.132812 0.058314
0 0.758057 0.338887 0.135254 0.060646
0 0.612549 0.339887 0.133301 0.056648
0 0.469727 0.304565 0.134766 0.125958
0 0.330322 0.304898 0.136230 0.125958
0 0.185791 0.295901 0.133301 0.145285
0 0.454346 0.211596 0.132324 0.057981
0 0.632812 0.218760 0.165039 0.096301
0 0.830078 0.212929 0.209961 0.109963
0 0.797852 0.091470 0.169922 0.134289
0 0.587891 0.104132 0.206055 0.106964
0 0.380615 0.103466 0.207520 0.106964
