0 0.384521 0.092802 0.232910 0.102299
0 0.231201 0.202266 0.147949 0.088637
0 0.370361 0.201933 0.123535 0.091303
0 0.512695 0.206931 0.140625 0.080640
0 0.737061 0.201599 0.122559 0.094635
0 0.869873 0.203266 0.120605 0.091969
0 0.746826 0.303899 0.122559 0.095302
0 0.624512 0.304065 0.116211 0.094302
0 0.498291 0.304065 0.127441 0.092303
0 0.364014 0.305232 0.130371 0.089304
0 0.235107 0.300900 0.128418 0.095968
0 0.103760 0.303732 0.127441 0.092969
0 0.119629 0.459513 0.174805 0.157947
0 0.303955 0.457847 0.174316 0.158614
0 0.519775 0.476508 0.230957 0.125292
0 0.766357 0.473675 0.229980 0.120960
0 0.844482 0.592802 0.232910 0.118627
0 0.612061 0.598634 0.219238 0.110297
0 0.374512 0.595801 0.250977 0.115961
0 0.130859 0.596634 0.215820 0.108964
0 0.143799 0.772243 0.266113 0.143619
0 0.406494 0.771743 0.254395 0.149284
0 0.653809 0.794235 0.235352 0.120960
0 0.861084 0.786738 0.138184 0.115961
0 0.865723 0.903865 0.133789 0.115628
0 0.658691 0.915195 0.165039 0.089637
0 0.477295 0.914362 0.167480 0.091969
0 0.200684 0.901200 0.374023 0.114295
