0 0.510010 0.704432 0.151855 0.121959
0 0.318848 0.685438 0.256836 0.175941
0 0.111572 0.693935 0.172363 0.160946
0 0.857422 0.479840 0.175781 0.175275
0 0.673828 0.482339 0.184570 0.167611
0 0.486816 0.480173 0.177734 0.175941
0 0.299805 0.489170 0.181641 0.159280
0 0.113281 0.489004 0.190430 0.165611
0 0.897949 0.284405 0.183594 0.163612
0 0.721436 0.287238 0.178223 0.166611
0 0.544434 0.285738 0.173828 0.166278
0 0.373779 0.289404 0.174316 0.160280
0 0.151123 0.297901 0.270996 0.147951
0 0.872314 0.101966 0.138184 0.123959
0 0.692871 0.100300 0.224609 0.123959
0 0.463623 0.100633 0.236816 0.123959
0 0.222412 0.104132 0.238770 0.128291
