0 0.356934 0.095968 0.388672 0.105965
0 0.622314 0.096135 0.138184 0.106964
0 0.759277 0.094968 0.136719 0.106631
0 0.892578 0.287071 0.137695 0.129623
0 0.739258 0.284239 0.163086 0.136621
0 0.578369 0.280740 0.148926 0.143619
0 0.424561 0.281573 0.145996 0.142619
0 0.267822 0.280407 0.146973 0.142286
0 0.110352 0.280073 0.149414 0.144952
0 0.111328 0.474342 0.162109 0.136288
0 0.270508 0.479340 0.146484 0.126291
0 0.424805 0.480506 0.146484 0.125292
0 0.595947 0.469344 0.166504 0.137621
0 0.763428 0.471010 0.154785 0.141619
0 0.802246 0.594968 0.134766 0.106964
0 0.661865 0.592802 0.134277 0.106631
0 0.522705 0.595635 0.138184 0.106964
0 0.381104 0.600133 0.140137 0.107964
0 0.240479 0.600467 0.138184 0.107298
0 0.099365 0.599300 0.138184 0.108964
0 0.101074 0.703599 0.137695 0.100300
0 0.242188 0.703266 0.136719 0.101633
0 0.397461 0.708764 0.155273 0.091969
0 0.547119 0.701266 0.136230 0.106298
0 0.688232 0.700267 0.136230 0.108964
0 0.825195 0.700267 0.133789 0.106964
0 0.876465 0.888204 0.148438 0.144285
0 0.716309 0.882872 0.166992 0.156281
0 0.562744 0.887871 0.144043 0.144285
0 0.416504 0.888204 0.143555 0.142286
0 0.262207 0.891703 0.159180 0.137288
0 0.096436 0.891036 0.163574 0.137954
