0 0.872803 0.912555 0.111816 0.090299
0 0.756348 0.911883 0.109375 0.090970
0 0.615967 0.907519 0.128418 0.103055
0 0.480225 0.908191 0.124512 0.102383
0 0.354980 0.908694 0.126953 0.104733
0 0.227539 0.914233 0.110352 0.087613
0 0.103027 0.915408 0.111328 0.089963
0 0.833252 0.809836 0.109863 0.089627
0 0.705811 0.808325 0.110840 0.092649
0 0.591309 0.810675 0.108398 0.089292
0 0.475586 0.810507 0.110352 0.088285
0 0.358154 0.808157 0.118652 0.092984
0 0.233887 0.803290 0.127930 0.102719
0 0.110596 0.811178 0.111816 0.088285
0 0.906006 0.702585 0.112793 0.092649
0 0.787109 0.707284 0.111328 0.090634
0 0.672119 0.706949 0.110840 0.088620
0 0.555420 0.708795 0.113770 0.088956
0 0.443115 0.707788 0.111816 0.088956
0 0.331543 0.707452 0.112305 0.091641
0 0.377441 0.607419 0.192383 0.092984
0 0.394531 0.494629 0.130859 0.111782
0 0.254395 0.494461 0.126953 0.112118
0 0.118408 0.495468 0.129395 0.108761
0 0.868896 0.295065 0.132324 0.112118
0 0.707520 0.283988 0.146484 0.134945
0 0.557617 0.284156 0.142578 0.135280
0 0.405518 0.284491 0.139160 0.134609
0 0.256836 0.284491 0.140625 0.131923
0 0.111328 0.284659 0.140625 0.134273
0 0.779785 0.092649 0.131836 0.113461
0 0.645752 0.094327 0.125488 0.108761
0 0.515381 0.094159 0.130371 0.111782
0 0.378906 0.094998 0.130859 0.110775
0 0.246582 0.095670 0.127930 0.109433
0 0.109863 0.096341 0.131836 0.110775
