0 0.386475 0.917861 0.203613 0.111629
0 0.167236 0.917861 0.223145 0.111629
0 0.819824 0.710097 0.224609 0.111963
0 0.585449 0.714429 0.203125 0.110630
0 0.374023 0.718094 0.214844 0.105298
0 0.159180 0.714095 0.216797 0.105965
0 0.729980 0.613129 0.122070 0.094635
0 0.555908 0.614129 0.217285 0.086638
0 0.340820 0.614462 0.212891 0.090636
0 0.142090 0.607797 0.185547 0.101300
0 0.851074 0.512163 0.187500 0.106631
0 0.675537 0.503665 0.158691 0.120960
0 0.501953 0.511330 0.180664 0.104965
0 0.317627 0.509164 0.187012 0.108630
0 0.134033 0.506664 0.177246 0.108964
0 0.811279 0.310563 0.226074 0.108630
0 0.584473 0.314062 0.212891 0.096301
0 0.368164 0.313229 0.215820 0.103299
0 0.151367 0.314562 0.216797 0.097967
0 0.882812 0.206764 0.217773 0.097634
0 0.636963 0.205931 0.213379 0.109297
0 0.434570 0.208597 0.144531 0.109297
0 0.249512 0.207431 0.212891 0.110963
0 0.915039 0.093302 0.143555 0.130623
0 0.760254 0.084638 0.162109 0.134622
0 0.595703 0.084638 0.158203 0.135955
0 0.459961 0.409530 0.187500 0.097301
0 0.239258 0.098634 0.228516 0.111296
