0 0.845947 0.913695 0.199707 0.096634
0 0.649414 0.909197 0.177734 0.098301
0 0.443115 0.909197 0.229980 0.096301
0 0.252930 0.917194 0.146484 0.085638
0 0.102783 0.916694 0.149902 0.089304
0 0.819336 0.809897 0.150391 0.088970
0 0.661377 0.812396 0.143066 0.085971
0 0.490479 0.813062 0.145020 0.088637
0 0.338867 0.805398 0.124023 0.098634
0 0.213867 0.806731 0.115234 0.095968
0 0.087158 0.808064 0.126465 0.101300
0 0.895020 0.703099 0.130859 0.099300
0 0.763672 0.712263 0.136719 0.080973
0 0.624023 0.709763 0.139648 0.084638
0 0.488281 0.704265 0.124023 0.094302
0 0.357422 0.710763 0.143555 0.082639
0 0.221436 0.703765 0.127441 0.095968
0 0.093018 0.703932 0.126465 0.100966
0 0.875732 0.605298 0.118652 0.089637
0 0.749023 0.607631 0.120117 0.086305
0 0.625000 0.606798 0.124023 0.087971
0 0.497314 0.601966 0.126465 0.099633
0 0.363281 0.610463 0.145508 0.084638
0 0.220215 0.610630 0.140625 0.080307
0 0.086426 0.605465 0.123047 0.090636
0 0.822510 0.501166 0.121582 0.097967
0 0.700195 0.500833 0.120117 0.099967
0 0.575439 0.501166 0.118652 0.100633
0 0.451904 0.500666 0.130371 0.100300
0 0.327148 0.503999 0.116211 0.095635
0 0.208984 0.501833 0.120117 0.097967
0 0.090820 0.497334 0.118164 0.095635
0 0.824463 0.403865 0.124512 0.090636
0 0.695312 0.400533 0.124023 0.094635
0 0.570801 0.405865 0.119141 0.085971
0 0.451172 0.405198 0.116211 0.085305
0 0.331299 0.402033 0.119629 0.094968
0 0.212646 0.399867 0.120605 0.093302
0 0.087646 0.400367 0.124512 0.094968
0 0.828613 0.302066 0.119141 0.100300
0 0.706055 0.299733 0.118164 0.098967
0 0.580566 0.298734 0.123047 0.096301
0 0.455566 0.301733 0.123047 0.099633
0 0.332520 0.302066 0.121094 0.099633
0 0.209961 0.302399 0.120117 0.098967
0 0.089844 0.300400 0.122070 0.100300
0 0.831299 0.198934 0.122559 0.101300
0 0.702881 0.197434 0.124512 0.101633
0 0.570068 0.198267 0.125488 0.095968
0 0.449463 0.200433 0.121582 0.088970
0 0.328369 0.202599 0.112793 0.089970
0 0.211914 0.203932 0.120117 0.090636
0 0.087402 0.196101 0.125000 0.103632
0 0.812988 0.095968 0.123047 0.095968
0 0.691895 0.094968 0.115234 0.093302
0 0.574219 0.093969 0.118164 0.094635
0 0.454346 0.097801 0.122559 0.092303
0 0.332275 0.097134 0.119629 0.090970
