0 0.110352 0.894868 0.150391 0.128957
0 0.685303 0.708597 0.148926 0.078974
0 0.538086 0.706431 0.139648 0.079973
0 0.392578 0.707098 0.141602 0.086638
0 0.246826 0.708930 0.145996 0.077641
0 0.100342 0.707431 0.150879 0.078640
0 0.867188 0.607964 0.148438 0.082306
0 0.718750 0.600800 0.120117 0.099967
0 0.591553 0.598467 0.124512 0.095968
0 0.464844 0.602799 0.122070 0.097301
0 0.337402 0.600300 0.121094 0.096968
0 0.210938 0.599633 0.125000 0.101633
0 0.084717 0.598467 0.131348 0.099300
0 0.852783 0.499667 0.123535 0.101633
0 0.720215 0.499500 0.128906 0.098634
0 0.595459 0.497834 0.121582 0.097967
0 0.470215 0.495835 0.125000 0.097967
0 0.331299 0.502499 0.146973 0.083306
0 0.139648 0.499334 0.241211 0.099633
0 0.836426 0.398534 0.230469 0.095968
0 0.605957 0.399700 0.232422 0.098301
0 0.373047 0.398201 0.237305 0.099967
0 0.134277 0.398534 0.238281 0.098634
0 0.848145 0.288904 0.208984 0.111963
0 0.634521 0.294235 0.210449 0.106631
0 0.448730 0.276908 0.156250 0.145285
0 0.290039 0.273909 0.158203 0.152616
0 0.109375 0.279407 0.202148 0.136954
0 0.618164 0.097468 0.235352 0.100966
0 0.381348 0.097801 0.228516 0.099633
0 0.145264 0.095968 0.236816 0.098634
