0 0.915039 0.930357 0.114258 0.087971
0 0.798340 0.929190 0.113281 0.090303
0 0.675293 0.929190 0.113281 0.085638
0 0.561035 0.931856 0.115234 0.084972
0 0.445801 0.929857 0.111328 0.085638
0 0.333740 0.930856 0.113770 0.086971
0 0.222168 0.930357 0.109375 0.087971
0 0.105957 0.930856 0.123047 0.088970
0 0.918701 0.828057 0.115723 0.091969
0 0.790771 0.826391 0.116699 0.085971
0 0.671387 0.827724 0.117188 0.087971
0 0.558105 0.824558 0.101562 0.088970
0 0.451660 0.822892 0.101562 0.086971
0 0.343750 0.828057 0.109375 0.090636
0 0.233398 0.828557 0.116211 0.089637
0 0.105469 0.827058 0.116211 0.086638
0 0.906494 0.724092 0.109863 0.087971
0 0.791992 0.726425 0.112305 0.093302
0 0.676758 0.725258 0.118164 0.087637
0 0.563477 0.724425 0.110352 0.086638
0 0.451416 0.725758 0.105957 0.086638
0 0.342773 0.726425 0.112305 0.087304
0 0.229004 0.724592 0.115234 0.088970
0 0.112061 0.724925 0.118652 0.090303
0 0.847412 0.626958 0.215332 0.088970
0 0.679688 0.625625 0.110352 0.086305
0 0.562256 0.624958 0.116699 0.087637
0 0.445557 0.623292 0.104980 0.088970
0 0.329590 0.626624 0.107422 0.088304
0 0.218018 0.624625 0.110840 0.089637
0 0.107422 0.626624 0.112305 0.088304
0 0.898438 0.522493 0.112305 0.085305
0 0.786621 0.523992 0.109375 0.088304
0 0.673828 0.523326 0.108398 0.084305
0 0.564209 0.522992 0.109863 0.086305
0 0.445801 0.523326 0.115234 0.084305
0 0.330078 0.522326 0.110352 0.090970
0 0.157715 0.517827 0.216797 0.099967
0 0.812500 0.421026 0.167969 0.087637
0 0.673096 0.424192 0.110840 0.090636
0 0.558105 0.423859 0.113281 0.087971
0 0.443359 0.421859 0.110352 0.087304
0 0.331299 0.422692 0.107910 0.087637
0 0.219727 0.423192 0.112305 0.087304
0 0.099609 0.423859 0.120117 0.085971
0 0.926270 0.307731 0.134766 0.119627
0 0.794678 0.308564 0.129395 0.113962
0 0.667969 0.308897 0.127930 0.113296
0 0.535156 0.308231 0.131836 0.114628
0 0.401855 0.309397 0.128906 0.108964
0 0.257568 0.296901 0.159668 0.143952
0 0.818115 0.113462 0.121582 0.098301
0 0.478516 0.112796 0.237305 0.099633
