0 0.521240 0.906365 0.203613 0.108630
0 0.311523 0.905698 0.209961 0.111296
0 0.125732 0.888870 0.165527 0.136288
0 0.806641 0.784239 0.160156 0.145618
0 0.651367 0.784405 0.151367 0.139953
0 0.498779 0.783072 0.150879 0.136621
0 0.322754 0.754249 0.197266 0.194269
0 0.593262 0.582473 0.269531 0.149284
0 0.330078 0.558980 0.213867 0.185605
0 0.766113 0.400533 0.195312 0.102632
0 0.485596 0.373376 0.321777 0.154282
0 0.831055 0.203099 0.215820 0.088970
0 0.639404 0.201766 0.169434 0.092303
0 0.464600 0.201266 0.168457 0.087971
0 0.292480 0.200600 0.164062 0.089304
0 0.114990 0.201266 0.171387 0.089970
0 0.739014 0.084805 0.216309 0.108297
0 0.566406 0.088804 0.124023 0.108297
0 0.439209 0.084638 0.128418 0.118627
0 0.309570 0.085472 0.126953 0.114295
0 0.133789 0.084638 0.213867 0.113296
