0 0.391357 0.924858 0.224121 0.095635
0 0.159424 0.925691 0.228027 0.097967
0 0.856201 0.824392 0.229004 0.097301
0 0.680420 0.825392 0.111816 0.094635
0 0.566650 0.824225 0.112793 0.091636
0 0.308594 0.822726 0.163086 0.089304
0 0.137695 0.824225 0.166992 0.092303
0 0.819824 0.723592 0.226562 0.101633
0 0.393555 0.723759 0.118164 0.099300
0 0.278076 0.725092 0.114746 0.095302
0 0.131836 0.724092 0.168945 0.090636
0 0.847656 0.589970 0.278320 0.160946
0 0.596680 0.622126 0.120117 0.089304
0 0.467773 0.621126 0.124023 0.093969
0 0.350342 0.622792 0.118652 0.093302
0 0.231445 0.621959 0.112305 0.091636
0 0.110840 0.620960 0.121094 0.098301
0 0.593994 0.520493 0.113770 0.092636
0 0.460938 0.520660 0.118164 0.092303
0 0.342773 0.519160 0.114258 0.094635
0 0.228516 0.516661 0.114258 0.094302
0 0.106689 0.518660 0.122559 0.093635
0 0.717773 0.421859 0.125977 0.097301
0 0.593262 0.421026 0.117188 0.096301
0 0.468994 0.420360 0.125488 0.097634
0 0.346436 0.420360 0.115723 0.094302
0 0.228271 0.420693 0.113770 0.094302
0 0.112793 0.418694 0.117188 0.090970
0 0.911865 0.319060 0.147949 0.302233
0 0.692871 0.291236 0.261719 0.158614
0 0.492188 0.302566 0.122070 0.132622
0 0.320801 0.296068 0.214844 0.146285
0 0.127686 0.275242 0.169434 0.187937
0 0.880859 0.110630 0.136719 0.119294
0 0.735596 0.089803 0.150879 0.158281
0 0.554199 0.094802 0.218750 0.151616
0 0.363525 0.086138 0.148926 0.158281
