0 0.836426 0.763912 0.216797 0.199600
0 0.607178 0.765245 0.223145 0.199600
0 0.383057 0.765078 0.222168 0.199267
0 0.160400 0.763745 0.218262 0.197268
0 0.803223 0.587138 0.310547 0.141953
0 0.483887 0.583306 0.320312 0.155615
0 0.313721 0.413862 0.161621 0.091969
0 0.644287 0.300233 0.141113 0.109297
0 0.501953 0.299733 0.137695 0.109630
0 0.505371 0.200267 0.119141 0.093302
0 0.215332 0.213096 0.398438 0.076974
0 0.793457 0.080307 0.142578 0.151949
0 0.658936 0.096135 0.142090 0.117627
0 0.516846 0.095302 0.145996 0.116628
0 0.369873 0.092136 0.143066 0.122293
0 0.229248 0.098967 0.138184 0.109297
0 0.086670 0.096968 0.143066 0.111963
