0 0.852539 0.871543 0.255859 0.204932
0 0.609131 0.867877 0.223145 0.208264
0 0.382812 0.871043 0.223633 0.214595
0 0.156982 0.871376 0.228027 0.211929
0 0.874756 0.659613 0.218262 0.212929
0 0.643311 0.664112 0.255371 0.204598
0 0.387695 0.660946 0.250977 0.207597
0 0.146973 0.662779 0.208984 0.204598
0 0.804443 0.469177 0.305176 0.167278
0 0.497803 0.474342 0.297363 0.170277
0 0.194580 0.474675 0.303223 0.169610
0 0.796875 0.292569 0.304688 0.147951
0 0.492676 0.281739 0.298828 0.168944
0 0.185059 0.283739 0.304688 0.171609
0 0.622559 0.082139 0.312500 0.148284
0 0.290771 0.084305 0.320801 0.153282
