0 0.821289 0.901200 0.155273 0.149617
0 0.660645 0.902366 0.144531 0.149284
0 0.517090 0.902366 0.138672 0.149950
0 0.371582 0.902532 0.140625 0.149617
0 0.223145 0.901366 0.144531 0.146618
0 0.082275 0.903032 0.136230 0.147951
0 0.818848 0.697767 0.144531 0.151283
0 0.681641 0.695935 0.131836 0.149617
0 0.546875 0.695435 0.135742 0.145285
0 0.410889 0.695768 0.135254 0.146618
0 0.273926 0.697268 0.132812 0.146285
0 0.480713 0.502499 0.261230 0.125292
0 0.185791 0.490337 0.319824 0.157614
0 0.883057 0.326058 0.147949 0.086971
0 0.645264 0.288570 0.322754 0.155282
0 0.375488 0.262746 0.214844 0.202932
0 0.145020 0.264079 0.240234 0.202932
0 0.681152 0.084139 0.326172 0.159613
0 0.356934 0.082639 0.318359 0.152616
0 0.106445 0.080307 0.181641 0.157281
