0 0.761719 0.910732 0.195312 0.093863
0 0.562500 0.909255 0.196289 0.094191
0 0.361816 0.909091 0.196289 0.095176
0 0.161865 0.909911 0.196777 0.093535
0 0.875000 0.808664 0.193359 0.094519
0 0.672607 0.807516 0.195801 0.094847
0 0.508545 0.811618 0.111816 0.088612
0 0.337891 0.810962 0.211914 0.087299
0 0.147949 0.810469 0.161133 0.090253
0 0.864502 0.711027 0.159668 0.089596
0 0.717285 0.704792 0.125977 0.102724
0 0.555176 0.708074 0.198242 0.094191
0 0.358154 0.707581 0.194824 0.094519
0 0.160156 0.709879 0.196289 0.087299
0 0.865234 0.610601 0.195312 0.094191
0 0.659424 0.608960 0.185059 0.094847
0 0.501221 0.612734 0.107910 0.086643
0 0.357422 0.611585 0.160156 0.090253
0 0.161377 0.612570 0.213379 0.086971
0 0.906982 0.510502 0.107910 0.090909
0 0.787109 0.513292 0.114258 0.086643
0 0.670898 0.512307 0.106445 0.088612
0 0.556152 0.508041 0.108398 0.096488
0 0.445557 0.511651 0.105957 0.087955
0 0.333740 0.508697 0.105957 0.091894
0 0.221924 0.512143 0.108887 0.087627
0 0.107910 0.510830 0.110352 0.085658
0 0.898438 0.415162 0.107422 0.086643
0 0.786377 0.414670 0.108887 0.087627
0 0.664795 0.415491 0.106934 0.085986
0 0.557129 0.415162 0.109375 0.086643
0 0.444092 0.413193 0.107910 0.087955
0 0.331055 0.414178 0.107422 0.085986
0 0.222168 0.412865 0.107422 0.085330
0 0.113281 0.413686 0.109375 0.086314
0 0.902344 0.317690 0.110352 0.087299
0 0.772949 0.317197 0.106445 0.085002
0 0.666260 0.317525 0.106934 0.084345
0 0.555664 0.316541 0.108398 0.086314
0 0.443115 0.316213 0.109863 0.086971
0 0.329102 0.309977 0.109375 0.087627
0 0.215332 0.312438 0.109375 0.087299
0 0.105469 0.315720 0.109375 0.085986
0 0.910400 0.216771 0.109863 0.086314
0 0.794189 0.217755 0.112793 0.086314
0 0.682373 0.217591 0.110840 0.085986
0 0.565186 0.216935 0.109863 0.084673
0 0.449219 0.217427 0.107422 0.086971
0 0.339600 0.216442 0.109863 0.086314
0 0.223877 0.215458 0.110840 0.088284
0 0.096924 0.215622 0.112793 0.087299
0 0.900391 0.120610 0.127930 0.075156
0 0.761963 0.114375 0.108887 0.087627
0 0.648926 0.110929 0.107422 0.093863
0 0.540283 0.112734 0.111816 0.087627
0 0.424072 0.114047 0.107910 0.086971
0 0.310547 0.110929 0.106445 0.089925
0 0.194580 0.105021 0.124512 0.102396
