0 0.454834 0.720760 0.215332 0.099967
0 0.266846 0.699267 0.138184 0.140287
0 0.119385 0.699100 0.140137 0.140620
0 0.843506 0.496168 0.137207 0.151949
0 0.696045 0.496335 0.134277 0.152949
0 0.547363 0.496335 0.136719 0.145618
0 0.407959 0.495835 0.141113 0.144618
0 0.269043 0.496501 0.136719 0.147951
0 0.126465 0.496834 0.144531 0.139953
0 0.864258 0.298567 0.150391 0.154615
0 0.708984 0.298900 0.145508 0.146618
0 0.558105 0.295235 0.138672 0.142619
0 0.405273 0.295901 0.147461 0.148617
0 0.258545 0.297567 0.138184 0.143952
0 0.113037 0.293902 0.144043 0.155948
0 0.805420 0.092969 0.145996 0.153282
0 0.658936 0.091803 0.145996 0.154948
0 0.493896 0.095468 0.145020 0.153615
0 0.340820 0.090636 0.147461 0.151283
0 0.684082 0.716761 0.218750 0.097301
