0 0.731201 0.915135 0.228027 0.097561
0 0.511230 0.912462 0.200195 0.100234
0 0.312012 0.911460 0.197266 0.098229
0 0.112305 0.911126 0.201172 0.100902
0 0.894775 0.789509 0.140137 0.138323
0 0.748291 0.788339 0.128418 0.137989
0 0.615967 0.788339 0.134277 0.137989
0 0.473145 0.786335 0.134766 0.138657
0 0.337158 0.788339 0.135254 0.135984
0 0.135498 0.784998 0.270020 0.137989
0 0.124023 0.603074 0.200195 0.098229
0 0.327393 0.606248 0.198730 0.095222
0 0.515869 0.608921 0.158691 0.093218
0 0.700684 0.604744 0.196289 0.098897
0 0.900879 0.586368 0.135742 0.133645
0 0.733887 0.502005 0.194336 0.098563
0 0.538574 0.505680 0.196289 0.089208
0 0.336426 0.502506 0.198242 0.096225
0 0.781982 0.382559 0.275879 0.138991
0 0.503662 0.395089 0.268066 0.111928
0 0.272461 0.384230 0.191406 0.130304
0 0.104492 0.379719 0.141602 0.134648
0 0.581299 0.291179 0.108887 0.089208
0 0.453857 0.293184 0.119629 0.093886
0 0.771729 0.194120 0.265137 0.109589
0 0.517090 0.200802 0.200195 0.092883
0 0.314697 0.198129 0.207520 0.093552
0 0.108154 0.197294 0.197754 0.098563
0 0.672119 0.071834 0.137207 0.138323
0 0.534424 0.073672 0.139160 0.135316
0 0.390869 0.074340 0.140137 0.136652
0 0.245117 0.085533 0.146484 0.112930
0 0.095947 0.084865 0.148926 0.110925
