0 0.898682 0.890106 0.140137 0.132138
0 0.753906 0.890770 0.139648 0.133466
0 0.476807 0.889276 0.139160 0.135126
0 0.311768 0.895252 0.187988 0.127822
0 0.140137 0.891268 0.141602 0.134462
0 0.856689 0.687417 0.144043 0.134462
0 0.704346 0.688081 0.140137 0.134462
0 0.562256 0.689741 0.137207 0.131142
0 0.425537 0.688247 0.137207 0.132802
0 0.285400 0.689243 0.129395 0.133466
0 0.140625 0.689741 0.160156 0.132470
0 0.922119 0.488712 0.139160 0.132802
0 0.781006 0.489210 0.139160 0.133798
0 0.639160 0.489708 0.136719 0.132802
0 0.499023 0.489376 0.141602 0.133466
0 0.333984 0.491866 0.185547 0.127158
0 0.145264 0.493526 0.187012 0.128486
0 0.891846 0.296813 0.187988 0.123506
0 0.703857 0.296979 0.181152 0.127822
0 0.520020 0.297643 0.186523 0.125166
0 0.329834 0.297145 0.184082 0.131474
0 0.140625 0.300465 0.184570 0.127490
0 0.816162 0.100432 0.185059 0.123174
0 0.634277 0.099602 0.182617 0.127490
0 0.474854 0.095618 0.138184 0.136122
0 0.327148 0.097610 0.142578 0.135458
0 0.179688 0.096780 0.135742 0.131806
