0 0.759521 0.912688 0.198730 0.097830
0 0.553223 0.909850 0.199219 0.101503
0 0.343506 0.911185 0.197754 0.096160
0 0.144043 0.909850 0.199219 0.096828
0 0.895020 0.805008 0.125977 0.106177
0 0.701904 0.800000 0.260254 0.112855
0 0.439453 0.797830 0.257812 0.111853
0 0.168945 0.797997 0.258789 0.113523
0 0.833496 0.606511 0.195312 0.095826
0 0.646973 0.599666 0.160156 0.107513
0 0.418213 0.598998 0.273926 0.107513
0 0.149170 0.615860 0.228027 0.071786
0 0.778809 0.509182 0.223633 0.072120
0 0.549561 0.507513 0.223145 0.073456
0 0.320801 0.508347 0.224609 0.071786
0 0.119873 0.503005 0.162598 0.095826
0 0.769531 0.406177 0.161133 0.092487
0 0.606445 0.405175 0.161133 0.094491
0 0.442627 0.405676 0.158691 0.093489
0 0.279053 0.404841 0.165527 0.087145
0 0.110596 0.403673 0.161621 0.092821
0 0.854492 0.297162 0.130859 0.114858
0 0.688477 0.290484 0.184570 0.130217
0 0.498047 0.289149 0.184570 0.127546
0 0.308838 0.287312 0.184082 0.131886
0 0.117188 0.286811 0.186523 0.129549
0 0.695801 0.082137 0.142578 0.136227
0 0.542725 0.080968 0.156738 0.139900
0 0.399170 0.091987 0.140137 0.111853
0 0.244629 0.081302 0.141602 0.135893
0 0.100098 0.080467 0.142578 0.136227
