0 0.472168 0.808897 0.180664 0.090970
0 0.290527 0.808897 0.175781 0.088970
0 0.109619 0.805898 0.183105 0.091636
0 0.868652 0.712596 0.140625 0.085638
0 0.675293 0.707098 0.189453 0.094635
0 0.497559 0.707931 0.114258 0.091636
0 0.375488 0.707098 0.109375 0.090636
0 0.264893 0.706764 0.108887 0.089304
0 0.111328 0.706098 0.182617 0.090636
0 0.822754 0.605298 0.117188 0.095635
0 0.693604 0.605132 0.116699 0.095968
0 0.576660 0.605465 0.112305 0.093969
0 0.455078 0.604798 0.114258 0.095302
0 0.325439 0.605298 0.115723 0.094302
0 0.204590 0.603632 0.116211 0.096301
0 0.081299 0.604632 0.119629 0.096968
0 0.893311 0.505332 0.111816 0.088970
0 0.778564 0.504165 0.108887 0.089304
0 0.663574 0.505831 0.108398 0.088637
0 0.547119 0.504832 0.107910 0.087971
0 0.431152 0.504665 0.107422 0.088304
0 0.321045 0.504832 0.107910 0.088637
0 0.206787 0.503665 0.107910 0.088304
0 0.086182 0.503999 0.109863 0.089637
0 0.894775 0.405365 0.113770 0.090970
0 0.782715 0.405531 0.110352 0.089304
0 0.669922 0.405032 0.111328 0.088304
0 0.556152 0.404865 0.110352 0.088637
0 0.381104 0.404365 0.217285 0.088970
0 0.214355 0.404199 0.113281 0.086638
0 0.091064 0.404199 0.109863 0.087304
0 0.899414 0.306065 0.108398 0.088304
0 0.792236 0.306564 0.106934 0.089304
0 0.681152 0.305398 0.113281 0.089637
0 0.558105 0.305398 0.110352 0.088970
0 0.442871 0.304399 0.111328 0.088970
0 0.327881 0.305232 0.110840 0.089304
0 0.205322 0.305398 0.110840 0.088970
0 0.089844 0.304565 0.113281 0.089970
0 0.894043 0.202266 0.100586 0.088637
0 0.789062 0.204099 0.112305 0.088304
0 0.676514 0.203765 0.108887 0.088970
0 0.561279 0.202766 0.112793 0.090970
0 0.447021 0.201933 0.109863 0.089304
0 0.338379 0.201599 0.100586 0.091969
0 0.228027 0.201599 0.101562 0.091303
0 0.695801 0.098467 0.182617 0.092969
0 0.502197 0.097967 0.182129 0.091969
0 0.300293 0.082639 0.214844 0.121959
