0 0.914551 0.898367 0.125977 0.153949
0 0.781738 0.928690 0.114258 0.090636
0 0.655762 0.928690 0.116211 0.093302
0 0.536133 0.929024 0.115234 0.092636
0 0.422363 0.929024 0.114258 0.093969
0 0.306641 0.929357 0.115234 0.091969
0 0.191406 0.929357 0.119141 0.093302
0 0.081055 0.945685 0.113281 0.052649
0 0.787598 0.824059 0.114258 0.093302
0 0.663086 0.824059 0.115234 0.093302
0 0.542480 0.825392 0.120117 0.094635
0 0.426758 0.824392 0.117188 0.095302
0 0.312988 0.822726 0.114258 0.094635
0 0.199707 0.824725 0.116211 0.093302
0 0.083984 0.824392 0.115234 0.092636
0 0.915039 0.723426 0.115234 0.093302
0 0.791992 0.723426 0.119141 0.094635
0 0.668457 0.722093 0.116211 0.094635
0 0.543457 0.722426 0.118164 0.093969
0 0.423340 0.723092 0.114258 0.093969
0 0.308105 0.721759 0.112305 0.092636
0 0.195801 0.723426 0.112305 0.091969
0 0.082520 0.722759 0.114258 0.090636
0 0.919434 0.619793 0.124023 0.100633
0 0.796387 0.623459 0.118164 0.094635
0 0.668457 0.622792 0.118164 0.093302
0 0.548340 0.622792 0.116211 0.095968
0 0.428711 0.621460 0.115234 0.093302
0 0.314453 0.622792 0.113281 0.093302
0 0.201172 0.623126 0.111328 0.093969
0 0.087891 0.621793 0.115234 0.093969
0 0.918457 0.520160 0.118164 0.095968
0 0.796875 0.519494 0.115234 0.094635
0 0.673828 0.519827 0.117188 0.093969
0 0.550293 0.518827 0.116211 0.093302
0 0.433594 0.519827 0.117188 0.096634
0 0.316406 0.520160 0.117188 0.095968
0 0.202148 0.518827 0.115234 0.095968
0 0.088379 0.519160 0.118164 0.092636
0 0.919922 0.420193 0.121094 0.095968
0 0.798340 0.418860 0.120117 0.095968
0 0.677246 0.420860 0.116211 0.094635
0 0.557617 0.418194 0.119141 0.098634
0 0.436523 0.420193 0.117188 0.094635
0 0.320801 0.420860 0.116211 0.095968
0 0.203125 0.422526 0.113281 0.092636
0 0.088867 0.421859 0.115234 0.095302
0 0.920410 0.320560 0.120117 0.095302
0 0.800293 0.320227 0.118164 0.097301
0 0.676758 0.320560 0.117188 0.095302
0 0.559082 0.319227 0.118164 0.095302
0 0.443848 0.320893 0.118164 0.095968
0 0.324707 0.321226 0.120117 0.092636
0 0.209473 0.320227 0.118164 0.095968
0 0.091797 0.321226 0.119141 0.093969
0 0.920410 0.219260 0.122070 0.095302
0 0.801270 0.217927 0.120117 0.095302
0 0.680176 0.215595 0.118164 0.097301
0 0.558105 0.218261 0.116211 0.098634
0 0.442383 0.219927 0.117188 0.095302
0 0.326660 0.218927 0.116211 0.095968
0 0.209473 0.217927 0.118164 0.097967
0 0.092285 0.218594 0.118164 0.093969
0 0.918945 0.117961 0.115234 0.095302
0 0.797852 0.117627 0.119141 0.095968
0 0.682129 0.117627 0.118164 0.095968
0 0.562988 0.116961 0.120117 0.094635
0 0.447266 0.116628 0.117188 0.096634
0 0.329102 0.116961 0.117188 0.094635
0 0.211914 0.117294 0.121094 0.095302
