0 0.775879 0.911363 0.284180 0.122626
0 0.480469 0.912029 0.285156 0.119960
0 0.181641 0.900033 0.302734 0.139953
0 0.802734 0.725758 0.138672 0.081973
0 0.615479 0.718760 0.224121 0.095968
0 0.385742 0.718427 0.226562 0.093969
0 0.140625 0.715095 0.244141 0.101966
0 0.840820 0.619793 0.228516 0.095302
0 0.616699 0.617794 0.225586 0.096634
0 0.391602 0.617461 0.226562 0.097301
0 0.150879 0.618127 0.262695 0.093302
0 0.831543 0.519827 0.211914 0.085971
0 0.601074 0.515495 0.223633 0.094635
0 0.372559 0.515828 0.225586 0.095302
0 0.129883 0.513829 0.226562 0.095302
0 0.835938 0.417194 0.222656 0.093969
0 0.611816 0.416528 0.223633 0.096634
0 0.395996 0.420526 0.208008 0.087304
0 0.151367 0.415195 0.283203 0.096634
0 0.813477 0.318894 0.117188 0.093302
0 0.695801 0.318560 0.114258 0.092636
0 0.578125 0.316894 0.117188 0.093302
0 0.455566 0.313895 0.122070 0.100633
0 0.326172 0.314229 0.125000 0.099967
0 0.202637 0.313229 0.122070 0.099300
0 0.077148 0.313229 0.126953 0.099300
0 0.797852 0.213262 0.126953 0.097967
0 0.669434 0.210930 0.127930 0.098634
0 0.545898 0.212263 0.126953 0.102632
0 0.426270 0.215595 0.116211 0.093302
0 0.308105 0.215928 0.116211 0.092636
0 0.190430 0.214262 0.117188 0.093302
0 0.073730 0.214928 0.116211 0.093302
0 0.803711 0.083972 0.140625 0.155282
0 0.612793 0.095968 0.233398 0.129957
0 0.375000 0.096634 0.232422 0.129957
0 0.133301 0.095968 0.235352 0.128624
