0 0.123535 0.888204 0.185547 0.127624
0 0.313965 0.889537 0.184570 0.128291
0 0.500977 0.889537 0.186523 0.128957
0 0.685547 0.891203 0.182617 0.126291
0 0.870117 0.892036 0.183594 0.125292
0 0.815430 0.687438 0.283203 0.119960
0 0.560791 0.675275 0.214355 0.144952
0 0.340332 0.673442 0.208008 0.145285
0 0.124023 0.673442 0.212891 0.146618
0 0.070068 0.494502 0.116699 0.093969
0 0.188965 0.495168 0.113281 0.092636
0 0.308350 0.495335 0.115723 0.094968
0 0.424561 0.495002 0.114746 0.096301
0 0.543701 0.496335 0.113770 0.092969
0 0.660156 0.497834 0.114258 0.092636
0 0.869629 0.403366 0.140625 0.080973
0 0.708008 0.384372 0.149414 0.118960
0 0.444336 0.382039 0.348633 0.120960
0 0.200684 0.395202 0.116211 0.091303
0 0.073242 0.394202 0.117188 0.093302
0 0.204346 0.295402 0.116699 0.093635
0 0.086182 0.295068 0.118652 0.094302
0 0.106934 0.190603 0.169922 0.099967
0 0.283691 0.189437 0.173828 0.100300
0 0.462646 0.189437 0.174316 0.099633
0 0.650635 0.192769 0.192871 0.091636
0 0.829834 0.184938 0.145996 0.110630
0 0.811279 0.068644 0.147949 0.117961
0 0.664307 0.076974 0.145996 0.118627
0 0.450684 0.075142 0.281250 0.119627
0 0.167725 0.075475 0.285645 0.116961
