0 0.927734 0.932689 0.136719 0.079307
0 0.787842 0.933022 0.135254 0.078640
0 0.648438 0.932689 0.134766 0.080640
0 0.510498 0.934189 0.135254 0.078307
0 0.373779 0.933522 0.137207 0.078307
0 0.238525 0.933855 0.134277 0.080307
0 0.101074 0.935022 0.139648 0.081306
0 0.905029 0.818727 0.173340 0.100633
0 0.728516 0.819394 0.168945 0.098634
0 0.548584 0.819394 0.177246 0.100633
0 0.345215 0.822726 0.225586 0.091969
0 0.135498 0.820227 0.170410 0.098967
0 0.900146 0.717094 0.172363 0.100633
0 0.719727 0.717927 0.173828 0.100300
0 0.535889 0.718094 0.175293 0.101966
0 0.337158 0.717927 0.175293 0.102299
0 0.138428 0.718094 0.172363 0.101300
0 0.868652 0.618127 0.234375 0.096634
0 0.659180 0.617294 0.171875 0.099633
0 0.507812 0.618127 0.123047 0.097967
0 0.382568 0.617627 0.123535 0.097634
0 0.252441 0.617627 0.121094 0.100300
0 0.118896 0.618127 0.127441 0.099967
0 0.921387 0.386704 0.116211 0.353549
0 0.801758 0.468344 0.124023 0.190936
0 0.684814 0.517661 0.110840 0.092969
0 0.569092 0.514662 0.121582 0.100300
0 0.447998 0.514995 0.121582 0.100300
0 0.327393 0.514329 0.122559 0.099633
0 0.206055 0.515328 0.120117 0.099633
0 0.086914 0.518827 0.113281 0.092636
0 0.682373 0.417861 0.114746 0.092636
0 0.564209 0.418527 0.115723 0.091303
0 0.447998 0.418361 0.115723 0.091636
0 0.328369 0.418694 0.117676 0.092969
0 0.209961 0.417861 0.115234 0.093302
0 0.092285 0.418860 0.116211 0.091969
0 0.767090 0.315561 0.126953 0.099300
0 0.624023 0.315728 0.123047 0.097634
0 0.502197 0.316061 0.121582 0.098301
0 0.376465 0.316061 0.123047 0.099633
0 0.251221 0.314728 0.124512 0.098967
0 0.760010 0.214762 0.124512 0.100300
0 0.625732 0.215928 0.121582 0.097301
0 0.502197 0.213595 0.126465 0.099967
0 0.375244 0.214262 0.127441 0.098634
0 0.252930 0.214262 0.124023 0.097967
0 0.111084 0.292403 0.129395 0.146951
0 0.790527 0.098800 0.358398 0.124958
0 0.516846 0.099300 0.186035 0.125958
0 0.276123 0.101799 0.282715 0.120293
