0 0.812744 0.618794 0.255371 0.696435
0 0.618652 0.740586 0.124023 0.445518
0 0.449463 0.764912 0.174316 0.195601
0 0.337402 0.917861 0.120117 0.093635
0 0.210449 0.872209 0.123047 0.182273
0 0.085205 0.874209 0.125488 0.183605
0 0.089355 0.668277 0.127930 0.180940
0 0.446289 0.560480 0.180664 0.199267
0 0.253906 0.561146 0.175781 0.198600
0 0.618652 0.401033 0.124023 0.112296
0 0.227051 0.408697 0.120117 0.092969
0 0.100098 0.409030 0.121094 0.094968
0 0.486084 0.309897 0.120605 0.095302
0 0.360596 0.309730 0.118652 0.094302
0 0.229004 0.310063 0.121094 0.092303
0 0.106201 0.310397 0.119629 0.092969
0 0.854004 0.208597 0.120117 0.094635
0 0.733887 0.208764 0.120117 0.093635
0 0.613525 0.207764 0.120605 0.094302
0 0.487305 0.207264 0.121094 0.095302
0 0.357910 0.208764 0.122070 0.093635
0 0.165283 0.207264 0.230957 0.096634
0 0.740967 0.093302 0.288574 0.121293
0 0.468018 0.081306 0.230957 0.141953
0 0.199463 0.094469 0.286621 0.118960
