0 0.899902 0.911196 0.176758 0.098967
0 0.718994 0.912363 0.169434 0.099967
0 0.458984 0.915028 0.116211 0.092636
0 0.337646 0.915861 0.117676 0.094302
0 0.214111 0.916195 0.115723 0.093635
0 0.094482 0.916528 0.117676 0.093635
0 0.928955 0.810397 0.119629 0.092636
0 0.812500 0.809230 0.120117 0.094302
0 0.697021 0.809730 0.115723 0.093302
0 0.580566 0.809730 0.117188 0.093302
0 0.462402 0.809397 0.119141 0.094635
0 0.339111 0.810063 0.117676 0.093969
0 0.215576 0.810063 0.116699 0.092636
0 0.095703 0.810730 0.118164 0.094635
0 0.930176 0.708764 0.117188 0.093969
0 0.811768 0.708597 0.112793 0.094302
0 0.697754 0.708431 0.115234 0.092636
0 0.579346 0.709430 0.117676 0.093969
0 0.459717 0.708431 0.119629 0.093969
0 0.337402 0.708097 0.121094 0.094635
0 0.215088 0.707931 0.118652 0.094968
0 0.095215 0.708431 0.118164 0.093969
0 0.826172 0.608630 0.116211 0.092969
0 0.709717 0.609130 0.116699 0.094635
0 0.592529 0.608131 0.115723 0.093302
0 0.469971 0.608797 0.116699 0.094635
0 0.348633 0.608630 0.117188 0.094302
0 0.230225 0.608464 0.117676 0.095302
0 0.103271 0.608464 0.137207 0.094635
0 0.925049 0.504832 0.116699 0.094635
0 0.804932 0.504165 0.117676 0.093969
0 0.682129 0.504499 0.119141 0.093969
0 0.565674 0.501166 0.118652 0.092636
0 0.444824 0.504332 0.117188 0.094302
0 0.325439 0.504332 0.116699 0.093635
0 0.207031 0.505332 0.116211 0.092969
0 0.087646 0.505332 0.117676 0.092303
0 0.921143 0.403699 0.115723 0.093635
0 0.805176 0.403699 0.116211 0.094968
0 0.682129 0.404199 0.116211 0.093302
0 0.561523 0.405365 0.116211 0.092303
0 0.445068 0.404532 0.115723 0.092636
0 0.327393 0.403532 0.115723 0.091969
0 0.207764 0.405032 0.114746 0.092969
0 0.091309 0.404698 0.116211 0.092303
0 0.911133 0.309230 0.136719 0.082639
0 0.756836 0.301066 0.174805 0.102966
0 0.607422 0.303232 0.118164 0.097967
0 0.486816 0.305898 0.116211 0.094635
0 0.364746 0.305398 0.122070 0.093635
0 0.243164 0.304898 0.118164 0.093969
0 0.109131 0.305398 0.119629 0.094302
0 0.859863 0.201100 0.225586 0.094968
0 0.628906 0.201100 0.224609 0.093635
0 0.398682 0.201933 0.225098 0.093302
0 0.160400 0.202599 0.228027 0.094635
0 0.911377 0.088304 0.122559 0.111963
0 0.790771 0.086971 0.125488 0.114628
0 0.660889 0.087971 0.119629 0.113962
0 0.534424 0.089470 0.117676 0.108964
0 0.402832 0.089470 0.120117 0.110963
0 0.280273 0.088137 0.118164 0.111629
0 0.158447 0.088970 0.119629 0.111963
