0 0.800537 0.902199 0.192871 0.133622
0 0.575439 0.906365 0.220215 0.122626
0 0.349121 0.905032 0.216797 0.123292
0 0.122803 0.878707 0.222168 0.177941
0 0.855957 0.676441 0.184570 0.165945
0 0.672363 0.695435 0.185547 0.127957
0 0.482666 0.694768 0.185059 0.127957
0 0.300537 0.696768 0.183105 0.126624
0 0.111572 0.695768 0.186035 0.128624
0 0.814697 0.479007 0.145020 0.158947
0 0.675537 0.470510 0.139160 0.153949
0 0.524414 0.478341 0.138672 0.154948
0 0.382324 0.478007 0.139648 0.158281
0 0.237305 0.479673 0.141602 0.156281
0 0.089355 0.479007 0.141602 0.157614
0 0.742920 0.267577 0.218262 0.178607
0 0.460693 0.283739 0.305176 0.144952
0 0.157227 0.296235 0.287109 0.121293
0 0.713867 0.090303 0.150391 0.119960
0 0.565430 0.090970 0.146484 0.119960
0 0.398682 0.086471 0.187012 0.126958
0 0.160400 0.090303 0.286621 0.119960
