0 0.918945 0.922526 0.158203 0.094302
0 0.739746 0.918527 0.196289 0.099633
0 0.536133 0.917527 0.208984 0.100300
0 0.328369 0.916861 0.184082 0.099633
0 0.134277 0.917694 0.186523 0.103965
0 0.912598 0.825558 0.147461 0.082972
0 0.734375 0.815228 0.211914 0.098301
0 0.525146 0.813562 0.209473 0.098301
0 0.322754 0.816728 0.195312 0.097967
0 0.128174 0.814062 0.193848 0.097301
0 0.889160 0.714429 0.207031 0.097301
0 0.676270 0.713262 0.216797 0.102299
0 0.462646 0.713262 0.192871 0.098301
0 0.283203 0.721759 0.150391 0.079307
0 0.884766 0.620127 0.213867 0.089970
0 0.595459 0.601300 0.136230 0.122293
0 0.449219 0.599134 0.142578 0.129290
0 0.311523 0.599467 0.139648 0.122626
0 0.884277 0.506498 0.212891 0.110630
0 0.684326 0.495668 0.181152 0.094968
0 0.192871 0.513662 0.111328 0.090970
0 0.085449 0.510663 0.105469 0.094968
0 0.886475 0.397034 0.212402 0.110297
0 0.696777 0.373542 0.158203 0.152616
0 0.545654 0.386704 0.137207 0.124958
0 0.399658 0.384372 0.161621 0.145618
0 0.233398 0.411696 0.179688 0.092969
0 0.251221 0.281906 0.136230 0.154615
0 0.108643 0.281073 0.137207 0.156281
0 0.480469 0.214762 0.208984 0.084972
0 0.668213 0.208930 0.173340 0.102632
0 0.907715 0.083639 0.137695 0.153949
0 0.759033 0.081639 0.138184 0.153282
0 0.614502 0.079973 0.137207 0.153949
0 0.472168 0.080640 0.136719 0.155282
0 0.331299 0.080640 0.137207 0.155282
0 0.190918 0.079807 0.138672 0.155615
