0 0.097900 0.087330 0.139160 0.127997
0 0.241455 0.087330 0.138184 0.129294
0 0.396973 0.084413 0.158203 0.133182
0 0.560059 0.083279 0.161133 0.132210
0 0.771729 0.087492 0.239746 0.125729
0 0.098145 0.264420 0.160156 0.174336
0 0.254150 0.267660 0.142090 0.167207
0 0.390381 0.287589 0.143066 0.126701
0 0.538086 0.285645 0.142578 0.127997
0 0.677734 0.284187 0.141602 0.131562
0 0.862061 0.283701 0.160645 0.133182
0 0.103271 0.402463 0.191895 0.092677
0 0.298828 0.402787 0.193359 0.093325
0 0.489014 0.401005 0.185059 0.095593
0 0.678223 0.400032 0.183594 0.096889
0 0.866943 0.400032 0.183105 0.096889
0 0.125244 0.495625 0.220215 0.091704
0 0.350342 0.497408 0.220215 0.091380
0 0.542969 0.496598 0.157227 0.089112
0 0.705566 0.500810 0.157227 0.089760
0 0.872803 0.500648 0.158691 0.090732
0 0.162354 0.594945 0.294434 0.108231
0 0.432617 0.594621 0.225586 0.104990
0 0.745361 0.598185 0.115723 0.099806
0 0.883789 0.603208 0.160156 0.089112
0 0.080078 0.782404 0.140625 0.129294
0 0.223877 0.774789 0.138184 0.144524
0 0.414062 0.785483 0.237305 0.123785
0 0.638672 0.788723 0.197266 0.110823
0 0.868408 0.786779 0.222168 0.105638
0 0.087402 0.905865 0.156250 0.091056
0 0.281494 0.903435 0.222168 0.093973
0 0.477783 0.905055 0.156738 0.092029
0 0.634521 0.897116 0.137207 0.104666
0 0.833252 0.901653 0.212402 0.098185
