0 0.905273 0.930690 0.112305 0.090636
0 0.776611 0.931856 0.110840 0.088304
0 0.664062 0.931023 0.111328 0.088637
0 0.547363 0.931356 0.111328 0.089304
0 0.432129 0.931856 0.109375 0.086305
0 0.322021 0.930523 0.112793 0.088970
0 0.205811 0.930357 0.112793 0.089304
0 0.092041 0.932023 0.111816 0.089970
0 0.909180 0.785738 0.117188 0.177941
0 0.778564 0.826891 0.110840 0.088970
0 0.659912 0.827058 0.109863 0.089304
0 0.542725 0.827557 0.110840 0.088304
0 0.425293 0.827724 0.109375 0.088637
0 0.314941 0.827058 0.112305 0.089304
0 0.201660 0.830057 0.108398 0.085971
0 0.089600 0.824725 0.113770 0.097967
0 0.775879 0.726258 0.109375 0.088304
0 0.659424 0.726425 0.106934 0.089970
0 0.543213 0.722759 0.112793 0.096634
0 0.428711 0.721593 0.109375 0.093635
0 0.314209 0.722926 0.109863 0.094968
0 0.202637 0.727424 0.109375 0.087971
0 0.088379 0.726591 0.111328 0.090303
0 0.902832 0.626791 0.112305 0.089970
0 0.778564 0.625791 0.110840 0.089970
0 0.661621 0.626791 0.110352 0.089970
0 0.549072 0.626458 0.108887 0.088637
0 0.433838 0.626624 0.109863 0.088970
0 0.321533 0.625458 0.108887 0.089304
0 0.211182 0.626291 0.107910 0.090970
0 0.092285 0.625958 0.111328 0.090303
0 0.903564 0.519327 0.110840 0.095635
0 0.771973 0.521993 0.108398 0.088304
0 0.657471 0.521826 0.108887 0.087971
0 0.543945 0.521826 0.108398 0.087971
0 0.431152 0.522159 0.108398 0.088637
0 0.322510 0.522659 0.106934 0.087637
0 0.212402 0.522159 0.107422 0.089970
0 0.097900 0.521993 0.109863 0.090303
0 0.906982 0.419527 0.109863 0.096634
0 0.778564 0.419194 0.107910 0.097967
0 0.665527 0.418527 0.117188 0.099300
0 0.545898 0.418694 0.114258 0.098967
0 0.432129 0.419693 0.110352 0.096968
0 0.322998 0.423359 0.107910 0.087637
0 0.210449 0.424192 0.110352 0.087971
0 0.097900 0.424359 0.112793 0.088970
0 0.909180 0.223592 0.166992 0.286571
0 0.764404 0.321893 0.106934 0.086638
0 0.654785 0.324059 0.109375 0.090303
0 0.543945 0.324892 0.111328 0.087304
0 0.433594 0.323559 0.107422 0.087971
0 0.322998 0.323559 0.108887 0.089304
0 0.210938 0.323892 0.109375 0.088637
0 0.100830 0.324558 0.105957 0.087971
0 0.769287 0.220593 0.109863 0.087971
0 0.656006 0.221426 0.109863 0.089637
0 0.544922 0.221759 0.109375 0.088304
0 0.436035 0.221426 0.110352 0.090970
0 0.325684 0.221926 0.110352 0.089970
0 0.216309 0.223426 0.111328 0.086971
0 0.104980 0.222759 0.111328 0.088304
0 0.714111 0.108131 0.173340 0.118960
0 0.559814 0.095302 0.112793 0.140620
0 0.427979 0.112463 0.110840 0.102299
0 0.312500 0.099633 0.113281 0.131956
