0 0.874756 0.886364 0.145996 0.123283
0 0.715088 0.886200 0.145020 0.125572
0 0.565674 0.886364 0.145996 0.124591
0 0.409180 0.887508 0.151367 0.126880
0 0.252686 0.887508 0.147949 0.125572
0 0.107178 0.893067 0.132324 0.115762
0 0.787354 0.689993 0.231934 0.117724
0 0.576172 0.680837 0.161133 0.136037
0 0.414551 0.682963 0.140625 0.129823
0 0.266846 0.681491 0.139160 0.131458
0 0.112061 0.684271 0.147949 0.127861
0 0.889648 0.469915 0.169922 0.156311
0 0.729980 0.482505 0.141602 0.129823
0 0.567383 0.476455 0.147461 0.143885
0 0.416260 0.482014 0.145020 0.132112
0 0.259521 0.485448 0.143066 0.129823
0 0.112061 0.497057 0.144043 0.106606
0 0.832275 0.302649 0.185059 0.097122
0 0.645508 0.303139 0.188477 0.096795
0 0.451172 0.302812 0.186523 0.097449
0 0.272949 0.307063 0.157227 0.089601
0 0.115723 0.313604 0.149414 0.079791
0 0.837891 0.200621 0.120117 0.099084
0 0.707031 0.198496 0.135742 0.106606
0 0.576660 0.200948 0.115234 0.100392
0 0.450439 0.198332 0.134277 0.104971
0 0.287354 0.201929 0.185059 0.097776
0 0.112305 0.206344 0.157227 0.091563
0 0.882812 0.083224 0.143555 0.127207
0 0.688965 0.090746 0.229492 0.108895
0 0.453125 0.091563 0.227539 0.111184
0 0.221436 0.092544 0.229980 0.113146
