0 0.827148 0.649500 0.290039 0.189538
0 0.554443 0.650468 0.287598 0.191476
0 0.270508 0.651760 0.291016 0.190184
0 0.819336 0.848240 0.198242 0.183403
0 0.613281 0.872296 0.159180 0.139167
0 0.451660 0.872780 0.158203 0.135615
0 0.275879 0.872619 0.158203 0.134001
0 0.103516 0.871973 0.159180 0.135292
0 0.327393 0.498063 0.164551 0.090087
0 0.481934 0.390539 0.119141 0.108815
0 0.321777 0.395060 0.184570 0.101066
0 0.673340 0.261543 0.213867 0.173071
0 0.249023 0.199871 0.225586 0.100097
0 0.658447 0.097514 0.223145 0.101388
0 0.411621 0.097837 0.224609 0.100743
0 0.214111 0.075718 0.153809 0.145625
