0 0.623779 0.699767 0.341309 0.123959
0 0.302979 0.698934 0.331543 0.116961
0 0.508545 0.551816 0.330566 0.223259
0 0.168945 0.553316 0.325195 0.220260
0 0.329102 0.395701 0.329102 0.112962
0 0.870605 0.917861 0.120117 0.094968
0 0.739502 0.917028 0.116699 0.096634
0 0.612305 0.918527 0.120117 0.093635
0 0.483887 0.917694 0.115234 0.095302
0 0.363525 0.917527 0.118652 0.094302
0 0.228271 0.925525 0.138184 0.080973
0 0.083740 0.924525 0.135254 0.080307
0 0.907959 0.812063 0.117676 0.095302
0 0.778564 0.811396 0.116699 0.093969
0 0.661621 0.813062 0.115234 0.095302
0 0.543457 0.812896 0.114258 0.094968
0 0.425537 0.813729 0.116699 0.093969
0 0.306396 0.813895 0.115723 0.092969
0 0.190186 0.813729 0.116699 0.095302
0 0.072998 0.813729 0.119629 0.093969
0 0.085449 0.713262 0.121094 0.092969
0 0.866943 0.709930 0.118652 0.094968
0 0.817871 0.579807 0.232422 0.159280
0 0.822266 0.406864 0.201172 0.095968
0 0.621582 0.407198 0.197266 0.096634
0 0.692871 0.210097 0.235352 0.290903
0 0.412109 0.175775 0.152344 0.158281
0 0.259521 0.176441 0.147949 0.158281
0 0.104004 0.177941 0.147461 0.158614
