0 0.881348 0.872240 0.188477 0.158766
0 0.688477 0.863961 0.179688 0.175325
0 0.504150 0.864123 0.180176 0.176299
0 0.317139 0.863474 0.179199 0.175000
0 0.129150 0.874351 0.178223 0.152597
0 0.866943 0.673864 0.180176 0.155519
0 0.681641 0.674188 0.178711 0.153571
0 0.497070 0.673214 0.179688 0.154221
0 0.310547 0.673864 0.176758 0.152922
0 0.129150 0.673864 0.178223 0.152922
0 0.856445 0.474351 0.178711 0.155844
0 0.678223 0.476136 0.177734 0.156169
0 0.492188 0.475487 0.178711 0.153571
0 0.308105 0.475487 0.178711 0.153571
0 0.128174 0.474351 0.178223 0.153247
0 0.125977 0.280682 0.176758 0.152922
0 0.308350 0.281331 0.175293 0.151623
0 0.489258 0.280682 0.178711 0.152922
0 0.668457 0.281981 0.175781 0.152922
0 0.851074 0.281006 0.176758 0.152273
0 0.861328 0.079545 0.179688 0.150649
0 0.632568 0.078247 0.186035 0.156494
0 0.444336 0.078247 0.186523 0.155195
0 0.234131 0.080032 0.229004 0.152922
