0 0.851318 0.898034 0.145996 0.135955
0 0.693604 0.892869 0.153809 0.144952
0 0.541748 0.904698 0.142090 0.122626
0 0.397705 0.897034 0.144043 0.135288
0 0.248535 0.903699 0.143555 0.121959
0 0.103027 0.909863 0.138672 0.113629
0 0.857666 0.701100 0.144043 0.120626
0 0.714844 0.691603 0.143555 0.136288
0 0.572754 0.699767 0.142578 0.122626
0 0.382568 0.698767 0.229004 0.121959
0 0.151611 0.698434 0.227051 0.122626
0 0.789307 0.496668 0.142090 0.119627
0 0.649414 0.496168 0.140625 0.121959
0 0.496582 0.491170 0.164062 0.129290
0 0.330322 0.489170 0.170410 0.133289
0 0.134033 0.501833 0.185059 0.107964
0 0.592285 0.251916 0.328125 0.224592
0 0.846680 0.264912 0.194336 0.186604
0 0.144531 0.402532 0.197266 0.094635
0 0.348145 0.308564 0.199219 0.096634
0 0.145508 0.309230 0.199219 0.096634
0 0.324707 0.207264 0.194336 0.095302
0 0.130859 0.207098 0.196289 0.097634
0 0.855469 0.092469 0.159180 0.128957
0 0.701172 0.078807 0.138672 0.154948
0 0.464844 0.088637 0.234375 0.133289
0 0.229980 0.090636 0.239258 0.127957
