0 0.913818 0.924025 0.134277 0.082639
0 0.773193 0.922859 0.138184 0.080307
0 0.635498 0.922026 0.135254 0.082639
0 0.502441 0.922692 0.132812 0.082639
0 0.368896 0.921526 0.136230 0.081639
0 0.236084 0.921526 0.136230 0.081639
0 0.100830 0.920860 0.138184 0.080307
0 0.911133 0.819227 0.134766 0.080973
0 0.770996 0.817727 0.136719 0.083972
0 0.635498 0.818061 0.135254 0.081973
0 0.501709 0.818227 0.136230 0.078974
0 0.366455 0.817727 0.135254 0.081306
0 0.230713 0.817727 0.136230 0.081306
0 0.096436 0.818560 0.140137 0.082306
0 0.720947 0.693436 0.162598 0.130623
0 0.570557 0.698600 0.138184 0.118960
0 0.424805 0.696768 0.140625 0.121293
0 0.276855 0.695601 0.139648 0.120293
0 0.130371 0.696101 0.142578 0.121293
0 0.909424 0.507331 0.175293 0.098967
0 0.728516 0.507331 0.179688 0.098301
0 0.518066 0.504832 0.197266 0.097301
0 0.321289 0.505165 0.178711 0.096634
0 0.140625 0.504499 0.178711 0.095302
0 0.745117 0.405531 0.179688 0.099300
0 0.561279 0.405531 0.174316 0.095302
0 0.381836 0.404532 0.177734 0.094635
0 0.176514 0.405365 0.232910 0.092969
0 0.910645 0.294235 0.142578 0.122626
0 0.766357 0.287071 0.144043 0.136954
0 0.609131 0.287238 0.142090 0.135288
0 0.464355 0.286904 0.139648 0.134622
0 0.315674 0.286738 0.143066 0.136288
0 0.145996 0.275741 0.176758 0.156948
0 0.787354 0.080973 0.145996 0.136621
0 0.636475 0.081639 0.145020 0.133955
0 0.482178 0.075142 0.154785 0.144285
0 0.335205 0.078974 0.140137 0.135955
0 0.195068 0.079307 0.144043 0.135288
