0 0.381592 0.899200 0.389160 0.135621
0 0.582275 0.794568 0.385254 0.134289
0 0.184326 0.790403 0.367676 0.136621
0 0.672852 0.912529 0.214844 0.104299
0 0.854980 0.917861 0.116211 0.094968
0 0.855713 0.791736 0.145996 0.138620
0 0.714355 0.711096 0.121094 0.095968
0 0.385742 0.706598 0.213867 0.103632
0 0.851074 0.580307 0.178711 0.157614
0 0.635498 0.584638 0.241699 0.146951
0 0.428711 0.576308 0.170898 0.163612
0 0.178223 0.584139 0.319336 0.146618
0 0.880371 0.386704 0.141602 0.136954
0 0.645264 0.381206 0.312012 0.145285
0 0.366699 0.353549 0.232422 0.199933
0 0.134033 0.354049 0.230957 0.199600
0 0.692627 0.152283 0.229980 0.199267
0 0.474121 0.163112 0.180664 0.178940
0 0.294434 0.162446 0.180664 0.177607
0 0.109619 0.162446 0.177246 0.177607
