0 0.885010 0.902366 0.111816 0.097301
0 0.761475 0.903865 0.108887 0.096301
0 0.650635 0.902199 0.111816 0.094968
0 0.536621 0.902866 0.111328 0.097634
0 0.426514 0.903032 0.108887 0.095968
0 0.314453 0.903366 0.113281 0.095302
0 0.200684 0.902033 0.116211 0.097301
0 0.084961 0.900700 0.110352 0.095968
0 0.880859 0.798067 0.113281 0.096634
0 0.759033 0.798734 0.110840 0.094635
0 0.646484 0.798734 0.111328 0.094635
0 0.531982 0.799234 0.109863 0.096301
0 0.417969 0.798401 0.108398 0.095968
0 0.303223 0.799234 0.111328 0.096301
0 0.192139 0.798067 0.111816 0.096634
0 0.079590 0.797901 0.109375 0.095635
0 0.880127 0.695935 0.111816 0.096968
0 0.758301 0.697268 0.112305 0.094302
0 0.643555 0.696601 0.109375 0.095635
0 0.531494 0.696101 0.110840 0.096634
0 0.415527 0.694435 0.111328 0.099967
0 0.299561 0.696934 0.108887 0.094968
0 0.127441 0.695435 0.211914 0.097967
0 0.751221 0.595801 0.111816 0.095302
0 0.583740 0.595801 0.212402 0.095968
0 0.411377 0.596801 0.109863 0.095968
0 0.302246 0.595968 0.111328 0.095635
0 0.185791 0.596634 0.120605 0.094968
0 0.072754 0.596135 0.107422 0.095968
0 0.878662 0.545152 0.113770 0.195268
0 0.753418 0.494002 0.112305 0.095635
0 0.638184 0.493002 0.111328 0.097634
0 0.524902 0.492336 0.112305 0.096968
0 0.409912 0.491336 0.109863 0.096968
0 0.300537 0.493502 0.108887 0.094635
0 0.191406 0.492836 0.109375 0.095968
0 0.079102 0.492502 0.110352 0.094635
0 0.873779 0.394202 0.111816 0.096634
0 0.757324 0.394202 0.111328 0.095968
0 0.640137 0.393535 0.110352 0.097301
0 0.524414 0.394702 0.113281 0.094968
0 0.411133 0.393702 0.109375 0.094968
0 0.302002 0.394369 0.108887 0.096301
0 0.192139 0.394035 0.110840 0.095635
0 0.081055 0.394702 0.108398 0.094968
0 0.873779 0.294735 0.111816 0.096968
0 0.756592 0.295235 0.109863 0.095968
0 0.641846 0.295068 0.109863 0.095635
0 0.522461 0.295901 0.116211 0.093969
0 0.411133 0.295068 0.109375 0.094302
0 0.302246 0.294069 0.108398 0.096301
0 0.192627 0.294235 0.109863 0.095968
0 0.080811 0.295901 0.111816 0.093969
0 0.870605 0.193935 0.112305 0.095968
0 0.751709 0.196435 0.112793 0.088304
0 0.637207 0.196268 0.109375 0.087304
0 0.521240 0.198101 0.107910 0.086971
0 0.408691 0.196601 0.108398 0.087971
0 0.296387 0.196101 0.107422 0.087637
0 0.186035 0.196601 0.106445 0.086638
0 0.070557 0.195601 0.109863 0.087971
0 0.755615 0.095801 0.110840 0.089637
0 0.570557 0.096468 0.208496 0.088304
0 0.408447 0.095468 0.110840 0.086971
0 0.297119 0.094968 0.107910 0.085971
0 0.185303 0.096301 0.107910 0.085971
0 0.069824 0.095635 0.108398 0.087304
