0 0.196289 0.902366 0.309570 0.128624
0 0.510010 0.900533 0.312012 0.130956
0 0.828613 0.899867 0.308594 0.129623
0 0.807373 0.710596 0.333496 0.093635
0 0.528809 0.711263 0.198242 0.094968
0 0.332275 0.711763 0.193848 0.097301
0 0.137207 0.713762 0.196289 0.095968
0 0.773438 0.616794 0.137695 0.081973
0 0.637939 0.618627 0.136230 0.080973
0 0.504150 0.618627 0.135254 0.080973
0 0.371826 0.619460 0.136230 0.079307
0 0.238037 0.619960 0.135254 0.080307
0 0.104736 0.619793 0.138184 0.079973
0 0.102051 0.517827 0.134766 0.080640
0 0.234619 0.516661 0.136230 0.079640
0 0.366699 0.515661 0.136719 0.080307
0 0.500244 0.515328 0.137207 0.080973
0 0.633057 0.513829 0.135254 0.082639
0 0.767334 0.514329 0.135254 0.080973
0 0.901855 0.514828 0.135742 0.081973
0 0.902344 0.414528 0.137695 0.081973
0 0.765625 0.415861 0.136719 0.080640
0 0.632812 0.415528 0.138672 0.082639
0 0.498291 0.416528 0.135254 0.083306
0 0.366455 0.418027 0.135254 0.080307
0 0.233154 0.418027 0.135254 0.080307
0 0.098633 0.418027 0.138672 0.081639
0 0.133545 0.317894 0.175293 0.082639
0 0.309814 0.317061 0.173340 0.080973
0 0.479492 0.316061 0.170898 0.081639
0 0.652832 0.316228 0.171875 0.082639
0 0.825439 0.314895 0.173340 0.081306
0 0.824463 0.213762 0.171387 0.080973
0 0.653809 0.214095 0.167969 0.080307
0 0.482178 0.215595 0.175293 0.079973
0 0.307861 0.215761 0.169434 0.080307
0 0.134033 0.215928 0.174316 0.081306
0 0.678955 0.077974 0.137207 0.155948
0 0.482910 0.092802 0.233398 0.123625
0 0.244629 0.102799 0.238281 0.106298
