0 0.780762 0.871210 0.197266 0.188271
0 0.573242 0.870543 0.198242 0.188271
0 0.369629 0.868877 0.198242 0.188937
0 0.140381 0.860546 0.230957 0.199600
0 0.176025 0.688770 0.311035 0.127957
0 0.447510 0.694768 0.228027 0.121959
0 0.706787 0.657281 0.231934 0.200267
0 0.819092 0.493169 0.238770 0.121959
0 0.511719 0.489503 0.358398 0.129290
0 0.169434 0.487338 0.310547 0.130956
0 0.843750 0.293735 0.235352 0.124958
0 0.615234 0.295568 0.227539 0.123959
0 0.392822 0.292902 0.228027 0.124625
0 0.214111 0.294402 0.140137 0.122293
0 0.075684 0.292569 0.142578 0.122626
0 0.812012 0.092802 0.143555 0.120293
0 0.662598 0.092636 0.143555 0.121293
0 0.521484 0.091636 0.140625 0.122626
0 0.380371 0.087971 0.143555 0.129957
0 0.235107 0.089803 0.145020 0.123625
0 0.093262 0.091636 0.140625 0.121293
