0 0.898682 0.881539 0.182129 0.156948
0 0.519531 0.883872 0.177734 0.156948
0 0.178467 0.899700 0.276855 0.122626
0 0.673584 0.750916 0.326660 0.220260
0 0.356201 0.751916 0.326660 0.222259
0 0.836914 0.642119 0.325195 0.225925
0 0.514404 0.636121 0.326660 0.223259
0 0.190430 0.643452 0.328125 0.223925
0 0.354248 0.502832 0.229004 0.093969
0 0.679932 0.501666 0.227051 0.096301
0 0.859863 0.402366 0.178711 0.098301
0 0.675781 0.401699 0.180664 0.099633
0 0.497559 0.403199 0.177734 0.096634
0 0.316895 0.402366 0.175781 0.096968
0 0.135742 0.402866 0.177734 0.095968
0 0.900391 0.301899 0.176758 0.096634
0 0.724854 0.301899 0.176270 0.096634
0 0.537109 0.302566 0.196289 0.096634
0 0.341064 0.302566 0.195801 0.097967
0 0.144531 0.303232 0.195312 0.095302
0 0.732422 0.199600 0.196289 0.095968
0 0.536865 0.199933 0.194824 0.096634
0 0.342285 0.200600 0.198242 0.095302
0 0.145020 0.201433 0.194336 0.096968
0 0.886230 0.082806 0.224609 0.120960
0 0.664062 0.083639 0.225586 0.121293
0 0.440918 0.083972 0.227539 0.119294
0 0.215820 0.084972 0.226562 0.121293
