0 0.804199 0.789903 0.311523 0.130290
0 0.491455 0.788737 0.312012 0.130623
0 0.184082 0.787238 0.309570 0.132289
0 0.130859 0.568977 0.187500 0.164279
0 0.319336 0.570143 0.187500 0.166611
0 0.501953 0.572976 0.179688 0.157614
0 0.676270 0.571476 0.181641 0.160613
0 0.854492 0.572476 0.180664 0.160613
0 0.774902 0.358381 0.166016 0.183605
0 0.509277 0.384039 0.310547 0.132289
0 0.193359 0.384372 0.312500 0.131623
0 0.708984 0.198934 0.230469 0.097301
0 0.446289 0.197934 0.230469 0.097301
0 0.156494 0.198267 0.231934 0.096634
0 0.573975 0.081140 0.316895 0.124958
0 0.208252 0.080140 0.357910 0.124958
