0 0.853516 0.917861 0.215820 0.086305
0 0.482910 0.917361 0.525391 0.087304
0 0.117188 0.914195 0.212891 0.093635
0 0.857910 0.810563 0.111328 0.092303
0 0.737793 0.811063 0.113281 0.091303
0 0.621582 0.811396 0.110352 0.090636
0 0.509033 0.809230 0.110840 0.093635
0 0.342285 0.812063 0.215820 0.090636
0 0.180908 0.811896 0.112793 0.092969
0 0.066406 0.812562 0.113281 0.090303
0 0.860352 0.708431 0.116211 0.091303
0 0.741455 0.709430 0.109863 0.090636
0 0.627441 0.709097 0.112305 0.094635
0 0.513184 0.711096 0.111328 0.090636
0 0.400879 0.710430 0.111328 0.089970
0 0.285645 0.710930 0.113281 0.088970
0 0.174316 0.710596 0.111328 0.090303
0 0.059082 0.710596 0.113281 0.090303
0 0.863281 0.608464 0.113281 0.090636
0 0.740234 0.608797 0.113281 0.091303
0 0.628906 0.608797 0.113281 0.091303
0 0.515137 0.609464 0.112305 0.091303
0 0.401855 0.610297 0.112305 0.091636
0 0.292480 0.609297 0.114258 0.092969
0 0.179932 0.610796 0.110840 0.089970
0 0.068359 0.610796 0.112305 0.089970
0 0.677979 0.506831 0.213379 0.089304
0 0.514160 0.506498 0.112305 0.089970
0 0.402344 0.508331 0.111328 0.089637
0 0.292725 0.506831 0.109863 0.090636
0 0.181396 0.507498 0.109863 0.089304
0 0.069824 0.508164 0.109375 0.089304
0 0.871582 0.406031 0.112305 0.092303
0 0.757324 0.408197 0.109375 0.089970
0 0.649658 0.406864 0.110840 0.090636
0 0.540283 0.407364 0.110840 0.091636
0 0.375977 0.407697 0.213867 0.092303
0 0.211426 0.408530 0.111328 0.089304
0 0.777588 0.280740 0.142090 0.143619
0 0.615967 0.281073 0.162598 0.144285
0 0.468506 0.200100 0.120605 0.104299
0 0.307373 0.204765 0.192871 0.094302
0 0.110596 0.204932 0.189941 0.094635
0 0.727051 0.088804 0.233398 0.122959
0 0.473633 0.093136 0.206055 0.113629
0 0.257568 0.089470 0.190918 0.126958
