0 0.869141 0.924692 0.131836 0.076641
0 0.720215 0.924692 0.124023 0.076641
0 0.580078 0.920860 0.113281 0.086305
0 0.465332 0.922526 0.111328 0.085638
0 0.349121 0.922193 0.114258 0.086305
0 0.226562 0.926358 0.124023 0.079307
0 0.106445 0.922193 0.112305 0.086305
0 0.929199 0.750083 0.125000 0.216594
0 0.738281 0.819727 0.121094 0.075975
0 0.597168 0.821559 0.122070 0.076308
0 0.470215 0.822226 0.123047 0.076308
0 0.348877 0.818560 0.110840 0.085638
0 0.229980 0.822393 0.120117 0.076641
0 0.103271 0.823725 0.126465 0.075308
0 0.767090 0.716095 0.111328 0.086638
0 0.638184 0.720093 0.129883 0.077974
0 0.484131 0.717428 0.165527 0.083306
0 0.223389 0.720926 0.353027 0.076974
0 0.732910 0.617961 0.241211 0.078307
0 0.547119 0.618794 0.122559 0.076641
0 0.370605 0.615295 0.215820 0.087637
0 0.149170 0.615295 0.218262 0.087637
0 0.885986 0.314728 0.215332 0.482173
0 0.567383 0.500167 0.404297 0.108630
0 0.204346 0.499334 0.316895 0.111629
0 0.678711 0.298401 0.113281 0.113629
0 0.540039 0.295568 0.115234 0.123959
0 0.416260 0.271743 0.116699 0.165611
0 0.273926 0.294902 0.150391 0.122626
0 0.119629 0.294069 0.150391 0.122959
0 0.617432 0.087971 0.156738 0.122626
0 0.419434 0.094802 0.206055 0.107631
0 0.205566 0.094968 0.208984 0.108630
