0 0.758301 0.889204 0.252930 0.149617
0 0.484863 0.887038 0.252930 0.147951
0 0.179199 0.889870 0.310547 0.143619
0 0.487793 0.686604 0.147461 0.138954
0 0.342773 0.698934 0.119141 0.112962
0 0.209229 0.698767 0.119629 0.115295
0 0.078125 0.698600 0.129883 0.113629
0 0.820557 0.477507 0.126465 0.151283
0 0.677246 0.478174 0.125000 0.152616
0 0.538818 0.478341 0.125488 0.149617
0 0.359619 0.469344 0.218262 0.165611
0 0.131348 0.469010 0.227539 0.166944
0 0.728027 0.310730 0.213867 0.086305
0 0.552002 0.313562 0.123535 0.076641
0 0.423828 0.313062 0.128906 0.077641
0 0.242920 0.306398 0.213379 0.090970
0 0.071045 0.309064 0.115723 0.086971
0 0.887695 0.207431 0.110352 0.084972
0 0.764404 0.207431 0.114746 0.088970
0 0.599121 0.201933 0.214844 0.097301
0 0.424316 0.208431 0.131836 0.078307
0 0.246338 0.206265 0.216309 0.087304
0 0.071533 0.202599 0.114746 0.094635
0 0.730469 0.102966 0.215820 0.089970
0 0.547119 0.094968 0.137207 0.101300
0 0.415039 0.100966 0.111328 0.090636
0 0.246338 0.102299 0.211426 0.082639
0 0.078369 0.089470 0.115723 0.113629
