0 0.833252 0.877707 0.216309 0.165278
0 0.635254 0.897368 0.159180 0.127291
0 0.468506 0.889870 0.156738 0.143619
0 0.302490 0.891036 0.164551 0.149950
0 0.136230 0.886371 0.128906 0.147284
0 0.762939 0.716594 0.130371 0.077641
0 0.629395 0.717094 0.127930 0.077974
0 0.499756 0.717094 0.129395 0.077974
0 0.364746 0.718094 0.129883 0.077308
0 0.234619 0.717428 0.127441 0.075975
0 0.104980 0.717761 0.129883 0.075308
0 0.848145 0.616128 0.130859 0.075308
0 0.714844 0.617128 0.128906 0.077308
0 0.581055 0.617128 0.130859 0.077308
0 0.452881 0.617128 0.132324 0.077308
0 0.321045 0.617461 0.127441 0.076641
0 0.200439 0.612796 0.110840 0.084638
0 0.092285 0.612296 0.114258 0.086971
0 0.818359 0.507831 0.213867 0.084638
0 0.638672 0.506831 0.109375 0.088637
0 0.530762 0.507164 0.109375 0.086638
0 0.423828 0.508997 0.111328 0.084305
0 0.309570 0.508664 0.115234 0.084972
0 0.195557 0.510497 0.109863 0.083972
0 0.086426 0.508664 0.112305 0.084972
0 0.752441 0.411030 0.112305 0.086305
0 0.643311 0.409364 0.107910 0.084305
0 0.531982 0.408697 0.108887 0.086971
0 0.419434 0.410363 0.111328 0.084972
0 0.309082 0.410863 0.110352 0.087304
0 0.195801 0.412196 0.110352 0.083972
0 0.087891 0.409530 0.112305 0.089970
0 0.805908 0.131789 0.302246 0.234255
0 0.884277 0.330057 0.110352 0.239587
0 0.758789 0.307564 0.111328 0.089970
0 0.646973 0.309230 0.110352 0.089304
0 0.535645 0.307897 0.110352 0.087971
0 0.422363 0.309397 0.112305 0.087637
0 0.309570 0.309563 0.113281 0.088637
0 0.199463 0.310063 0.110840 0.088970
0 0.092041 0.309563 0.109863 0.088637
0 0.528809 0.205432 0.111328 0.091636
0 0.416260 0.206931 0.110840 0.088637
0 0.304688 0.206931 0.110352 0.088637
0 0.197998 0.207764 0.109863 0.089637
0 0.090088 0.207098 0.109863 0.088304
0 0.352051 0.097967 0.130859 0.107298
0 0.203369 0.089470 0.155762 0.120960
