0 0.817627 0.922859 0.211426 0.095635
0 0.587646 0.923192 0.208496 0.097634
0 0.365723 0.923026 0.209961 0.096634
0 0.150146 0.923692 0.208496 0.093969
0 0.820801 0.817894 0.214844 0.096301
0 0.594238 0.820560 0.208984 0.094968
0 0.373047 0.817894 0.215820 0.099633
0 0.149170 0.819727 0.210449 0.096634
0 0.826172 0.714595 0.232422 0.094968
0 0.597168 0.716261 0.209961 0.095635
0 0.373779 0.715595 0.216309 0.098967
0 0.153809 0.716594 0.209961 0.096968
0 0.817871 0.615462 0.207031 0.095968
0 0.594238 0.616628 0.208984 0.096301
0 0.372314 0.616961 0.212402 0.094968
0 0.149414 0.616628 0.207031 0.097634
0 0.815918 0.512496 0.209961 0.094635
0 0.594971 0.512496 0.207520 0.099300
0 0.372314 0.512496 0.209473 0.098634
0 0.148438 0.512662 0.208984 0.094968
0 0.900391 0.413529 0.113281 0.095968
0 0.779541 0.415195 0.109863 0.087971
0 0.664062 0.417527 0.108398 0.086638
0 0.543213 0.412862 0.112793 0.095968
0 0.423828 0.413529 0.112305 0.095968
0 0.308350 0.414362 0.110840 0.096968
0 0.145020 0.413029 0.211914 0.094968
0 0.903320 0.315895 0.110352 0.090636
0 0.781738 0.314062 0.111328 0.096301
0 0.662109 0.309230 0.114258 0.099300
0 0.316406 0.321893 0.528320 0.077974
0 0.906738 0.214429 0.109375 0.088304
0 0.787109 0.214595 0.110352 0.087304
0 0.672119 0.214262 0.107910 0.086638
0 0.561523 0.214762 0.109375 0.087637
0 0.455322 0.215428 0.104980 0.088304
0 0.344727 0.216095 0.109375 0.089637
0 0.229980 0.211430 0.110352 0.096301
0 0.098877 0.210930 0.109863 0.095302
0 0.904785 0.100467 0.113281 0.108964
0 0.789795 0.111130 0.108887 0.088970
0 0.675781 0.108630 0.106445 0.089304
0 0.560303 0.111796 0.110840 0.088304
0 0.450195 0.109797 0.111328 0.088304
0 0.341064 0.110130 0.107910 0.087637
0 0.225830 0.107797 0.111816 0.097634
