0 0.893066 0.810230 0.172852 0.091636
0 0.713867 0.812396 0.171875 0.091303
0 0.510986 0.809730 0.220215 0.095968
0 0.310059 0.813396 0.172852 0.091303
0 0.126953 0.814395 0.168945 0.091969
0 0.854248 0.709264 0.165527 0.089637
0 0.927002 0.606465 0.118652 0.096634
0 0.803711 0.606131 0.114258 0.095968
0 0.648926 0.668277 0.169922 0.176941
0 0.468262 0.666778 0.170898 0.177274
0 0.299561 0.669110 0.165527 0.175275
0 0.129150 0.669444 0.169434 0.175941
0 0.916748 0.492169 0.135254 0.115961
0 0.778076 0.493502 0.135254 0.117294
0 0.642578 0.494668 0.133789 0.113629
0 0.478516 0.494335 0.132812 0.117627
0 0.294922 0.508164 0.166992 0.089970
0 0.119629 0.499500 0.130859 0.111296
0 0.464844 0.394202 0.136719 0.083306
0 0.330811 0.399367 0.116699 0.093635
0 0.213623 0.397034 0.112793 0.092303
0 0.096924 0.398201 0.113770 0.091303
0 0.914062 0.293735 0.130859 0.114295
0 0.779785 0.294402 0.132812 0.112962
0 0.643066 0.295901 0.131836 0.111296
0 0.514160 0.297401 0.131836 0.110297
0 0.381348 0.296401 0.128906 0.112296
0 0.249023 0.297401 0.129883 0.110297
0 0.114502 0.298067 0.128418 0.110297
0 0.918213 0.192103 0.114746 0.092969
0 0.798340 0.191436 0.116211 0.092969
0 0.652344 0.192436 0.168945 0.092303
0 0.480957 0.195601 0.166992 0.089304
0 0.304199 0.196268 0.167969 0.089304
0 0.134277 0.197268 0.167969 0.089970
0 0.872070 0.089970 0.132812 0.108630
0 0.729004 0.087971 0.131836 0.113962
0 0.588379 0.088637 0.131836 0.113962
0 0.450195 0.088637 0.134766 0.113962
0 0.314453 0.088970 0.133789 0.114628
0 0.178955 0.089803 0.135254 0.114295
