0 0.760010 0.751583 0.323730 0.433522
0 0.464355 0.907697 0.132812 0.116628
0 0.292480 0.878707 0.168945 0.175941
0 0.106689 0.880040 0.172363 0.173276
0 0.459229 0.673109 0.173340 0.173942
0 0.275879 0.674608 0.171875 0.174275
0 0.098633 0.675775 0.172852 0.171943
0 0.457275 0.469177 0.171387 0.173276
0 0.276855 0.470510 0.171875 0.173276
0 0.100342 0.470843 0.170410 0.173942
0 0.712158 0.238754 0.311035 0.431523
0 0.460693 0.270243 0.173340 0.174608
0 0.272461 0.271076 0.173828 0.174942
0 0.091553 0.271243 0.170410 0.173942
0 0.402100 0.091969 0.255371 0.115961
0 0.145020 0.092469 0.254883 0.118294
