0 0.902100 0.922359 0.108887 0.089304
0 0.784424 0.921859 0.108887 0.089637
0 0.673096 0.921859 0.108887 0.088304
0 0.558350 0.922526 0.107910 0.088304
0 0.443115 0.923359 0.107910 0.089970
0 0.328857 0.923359 0.108887 0.087304
0 0.217041 0.923859 0.107910 0.087637
0 0.104492 0.922859 0.111328 0.087637
0 0.812256 0.806898 0.208496 0.111629
0 0.595947 0.807398 0.209473 0.110630
0 0.416260 0.806231 0.137207 0.108964
0 0.275146 0.806731 0.136230 0.107964
0 0.123535 0.807064 0.140625 0.114628
0 0.815430 0.612796 0.214844 0.095968
0 0.591797 0.615795 0.208984 0.089970
0 0.374268 0.617128 0.208496 0.088637
0 0.157227 0.618461 0.208008 0.089304
0 0.930420 0.502666 0.108887 0.109630
0 0.756104 0.502499 0.209473 0.109297
0 0.578613 0.500000 0.137695 0.114295
0 0.425049 0.486005 0.156738 0.144285
0 0.260986 0.485505 0.155762 0.145285
0 0.110107 0.486671 0.128418 0.142952
0 0.911133 0.282572 0.158203 0.145951
0 0.755371 0.285072 0.130859 0.144952
0 0.608154 0.284738 0.154785 0.142952
0 0.454834 0.285571 0.127441 0.142619
0 0.303467 0.285738 0.160645 0.143619
0 0.138184 0.286238 0.157227 0.143952
0 0.919434 0.077641 0.157227 0.145285
0 0.760498 0.077141 0.156738 0.145618
0 0.608154 0.095135 0.137207 0.110297
0 0.468994 0.096301 0.134277 0.110630
0 0.329590 0.097301 0.135742 0.108630
0 0.185303 0.098134 0.137207 0.110297
