0 0.783936 0.922359 0.210449 0.089304
0 0.565430 0.922359 0.205078 0.087971
0 0.375488 0.912529 0.138672 0.111629
0 0.229248 0.912196 0.138184 0.106298
0 0.081055 0.911363 0.138672 0.107964
0 0.641846 0.818394 0.110840 0.088637
0 0.523193 0.818727 0.106934 0.089304
0 0.403320 0.813062 0.113281 0.089304
0 0.218506 0.825058 0.136230 0.057314
0 0.080566 0.824558 0.128906 0.061646
0 0.881592 0.733256 0.116699 0.254915
0 0.752686 0.714762 0.108887 0.089304
0 0.639404 0.715761 0.107910 0.087971
0 0.523438 0.715428 0.110352 0.088637
0 0.408936 0.715262 0.109863 0.088304
0 0.297363 0.715428 0.111328 0.088637
0 0.183105 0.715262 0.111328 0.088304
0 0.071777 0.714429 0.109375 0.089970
0 0.749023 0.615462 0.110352 0.089304
0 0.637451 0.616628 0.108887 0.088304
0 0.521484 0.615795 0.110352 0.088637
0 0.410156 0.616128 0.108398 0.089304
0 0.294678 0.616295 0.109863 0.087637
0 0.183594 0.615462 0.110352 0.087971
0 0.069092 0.616128 0.109863 0.087971
0 0.829102 0.470343 0.208984 0.170277
0 0.643555 0.484005 0.131836 0.144285
0 0.496338 0.484005 0.131348 0.145618
0 0.355713 0.483006 0.129395 0.144952
0 0.219971 0.484339 0.126465 0.143619
0 0.082520 0.484672 0.130859 0.144285
0 0.892334 0.284738 0.128418 0.142952
0 0.759766 0.284738 0.129883 0.142952
0 0.627930 0.283406 0.127930 0.144285
0 0.493896 0.284405 0.127441 0.142286
0 0.359375 0.283406 0.126953 0.144285
0 0.224609 0.283239 0.131836 0.143952
0 0.085693 0.302233 0.137207 0.107964
0 0.806885 0.095135 0.138184 0.108297
0 0.665771 0.095468 0.135254 0.109630
0 0.525635 0.095135 0.138184 0.110297
0 0.311523 0.096301 0.265625 0.107964
0 0.086182 0.096634 0.138184 0.108630
