0 0.926025 0.902199 0.135254 0.106964
0 0.791504 0.902199 0.133789 0.106964
0 0.657471 0.901866 0.136230 0.106298
0 0.522217 0.902366 0.136230 0.109297
0 0.384521 0.901366 0.142090 0.109963
0 0.246826 0.903366 0.136230 0.107964
0 0.110596 0.903699 0.138184 0.107298
0 0.923340 0.796901 0.136719 0.107631
0 0.787109 0.797068 0.141602 0.107964
0 0.649902 0.797734 0.138672 0.107964
0 0.445068 0.796068 0.267090 0.107964
0 0.249268 0.798401 0.137207 0.106631
0 0.109375 0.798401 0.138672 0.107964
0 0.847900 0.696934 0.162598 0.074309
0 0.697266 0.697101 0.129883 0.074642
0 0.573242 0.699600 0.112305 0.088304
0 0.455566 0.700267 0.113281 0.085638
0 0.341553 0.700766 0.109863 0.087971
0 0.219971 0.697767 0.119629 0.097967
0 0.096924 0.700766 0.108887 0.089304
0 0.927734 0.606298 0.110352 0.088970
0 0.813232 0.607797 0.109863 0.086638
0 0.700439 0.606964 0.110840 0.087637
0 0.583496 0.606631 0.112305 0.089637
0 0.468506 0.606131 0.110840 0.089304
0 0.348633 0.605465 0.118164 0.090636
0 0.226807 0.603299 0.107910 0.086305
0 0.101562 0.606131 0.112305 0.090636
0 0.933838 0.503999 0.108887 0.090970
0 0.812744 0.504665 0.108887 0.088970
0 0.703369 0.502333 0.109863 0.092303
0 0.587646 0.503832 0.107910 0.089304
0 0.472900 0.502333 0.108887 0.092303
0 0.351562 0.503832 0.112305 0.089304
0 0.234131 0.503665 0.108887 0.088304
0 0.110840 0.501999 0.120117 0.094302
0 0.933594 0.403199 0.113281 0.092636
0 0.819092 0.404698 0.110840 0.091636
0 0.708008 0.404698 0.111328 0.092969
0 0.592773 0.403865 0.113281 0.091303
0 0.475342 0.405365 0.108887 0.088304
0 0.358887 0.405032 0.111328 0.087637
0 0.234375 0.404199 0.111328 0.089304
0 0.107422 0.404032 0.110352 0.086971
0 0.920166 0.302399 0.153809 0.090970
0 0.747070 0.304732 0.207031 0.087637
0 0.562256 0.302899 0.160645 0.095968
0 0.427002 0.305065 0.107910 0.088304
0 0.318604 0.305898 0.108887 0.088637
0 0.211670 0.305898 0.108887 0.088637
0 0.100586 0.306065 0.111328 0.086305
0 0.890381 0.204432 0.110840 0.087637
0 0.769043 0.203599 0.112305 0.087971
0 0.550293 0.201266 0.107422 0.095968
0 0.436279 0.203432 0.109863 0.086971
0 0.324707 0.203099 0.109375 0.086305
0 0.214111 0.201433 0.109863 0.092303
0 0.099609 0.203266 0.112305 0.089970
0 0.915771 0.093136 0.138184 0.106298
0 0.769043 0.092969 0.140625 0.109963
0 0.622559 0.094302 0.140625 0.107298
0 0.442139 0.092469 0.211426 0.108964
0 0.230713 0.092636 0.211426 0.109297
