0 0.900391 0.872876 0.116211 0.182273
0 0.784424 0.915362 0.115723 0.094635
0 0.668213 0.915362 0.116699 0.094635
0 0.550049 0.915362 0.117676 0.093302
0 0.431885 0.914195 0.118652 0.093635
0 0.312744 0.912696 0.119629 0.093969
0 0.194336 0.912529 0.119141 0.092969
0 0.074951 0.912696 0.117676 0.093969
0 0.786133 0.810896 0.114258 0.093635
0 0.670166 0.809230 0.115723 0.093635
0 0.550293 0.808897 0.118164 0.094302
0 0.431885 0.808231 0.118652 0.097634
0 0.311035 0.809064 0.121094 0.094635
0 0.191162 0.807564 0.118652 0.092969
0 0.072998 0.807564 0.119629 0.095635
0 0.900391 0.708930 0.119141 0.092303
0 0.782471 0.708264 0.115723 0.092303
0 0.663574 0.707931 0.117188 0.094302
0 0.547119 0.708264 0.117676 0.094968
0 0.429932 0.707431 0.118652 0.095302
0 0.311523 0.705265 0.120117 0.099633
0 0.190674 0.707098 0.117676 0.093302
0 0.070068 0.707597 0.118652 0.093635
0 0.904297 0.609297 0.118164 0.093635
0 0.786865 0.608630 0.116699 0.092969
0 0.668213 0.608131 0.118652 0.094635
0 0.547119 0.608131 0.118652 0.094635
0 0.427490 0.606465 0.118652 0.095968
0 0.303711 0.606631 0.122070 0.094302
0 0.182373 0.606631 0.118652 0.094302
0 0.067627 0.606964 0.117676 0.094968
0 0.906006 0.505665 0.118652 0.093635
0 0.790527 0.503832 0.119141 0.097301
0 0.667969 0.504665 0.118164 0.095635
0 0.547119 0.504998 0.115723 0.093635
0 0.427002 0.503332 0.115723 0.092969
0 0.307373 0.503499 0.119629 0.095302
0 0.187744 0.503999 0.118652 0.094302
0 0.069092 0.503832 0.120605 0.094635
0 0.907959 0.407198 0.116699 0.093302
0 0.790039 0.406365 0.117188 0.094302
0 0.667969 0.405365 0.118164 0.094968
0 0.550293 0.406031 0.118164 0.093635
0 0.429932 0.404532 0.116699 0.095302
0 0.310059 0.404532 0.119141 0.096634
0 0.189697 0.404865 0.117676 0.094635
0 0.822510 0.301066 0.135254 0.105631
0 0.656982 0.300733 0.181152 0.104965
0 0.465576 0.300067 0.184082 0.103632
0 0.269531 0.296068 0.197266 0.111629
0 0.088623 0.305898 0.157715 0.095968
0 0.822754 0.174608 0.152344 0.151949
0 0.675049 0.171276 0.146973 0.158614
0 0.457520 0.199267 0.157227 0.091969
0 0.260498 0.195601 0.154785 0.090636
0 0.490479 0.102632 0.209473 0.095302
0 0.280029 0.101799 0.209473 0.094968
