0 0.905029 0.918027 0.116699 0.097301
0 0.788086 0.916195 0.116211 0.093635
0 0.666260 0.916694 0.116699 0.093302
0 0.547119 0.915528 0.117676 0.094968
0 0.426514 0.914695 0.118652 0.095302
0 0.306641 0.915195 0.119141 0.094302
0 0.184570 0.913695 0.119141 0.098634
0 0.064697 0.916028 0.116699 0.094635
0 0.906006 0.812063 0.118652 0.095302
0 0.787842 0.812396 0.115723 0.095968
0 0.668213 0.812229 0.117676 0.094968
0 0.550293 0.811729 0.117188 0.094635
0 0.428711 0.810397 0.119141 0.095968
0 0.308838 0.810397 0.116699 0.094635
0 0.187744 0.810230 0.116699 0.092969
0 0.067383 0.810397 0.118164 0.094635
0 0.889404 0.710263 0.116699 0.092969
0 0.774414 0.710596 0.115234 0.093635
0 0.658691 0.710097 0.117188 0.094635
0 0.544678 0.710596 0.119629 0.093635
0 0.417725 0.710263 0.116699 0.092969
0 0.302490 0.709763 0.116699 0.093969
0 0.184082 0.706598 0.115234 0.099633
0 0.062988 0.710097 0.120117 0.093302
0 0.892334 0.610463 0.117676 0.094635
0 0.774170 0.609297 0.114746 0.094968
0 0.658691 0.610130 0.119141 0.095302
0 0.540527 0.609797 0.115234 0.094635
0 0.421143 0.609963 0.118652 0.093635
0 0.303467 0.609963 0.118652 0.092303
0 0.183838 0.610297 0.117676 0.092969
0 0.062500 0.608131 0.117188 0.097301
0 0.893066 0.506664 0.119141 0.093635
0 0.773926 0.506831 0.120117 0.095302
0 0.655029 0.506664 0.119629 0.094968
0 0.537354 0.506664 0.115723 0.093635
0 0.418945 0.505665 0.119141 0.092969
0 0.301758 0.505332 0.118164 0.093635
0 0.184570 0.505665 0.116211 0.094302
0 0.067383 0.506331 0.115234 0.094302
0 0.898193 0.406698 0.116699 0.093635
0 0.779053 0.407364 0.119629 0.093635
0 0.659668 0.406031 0.119141 0.093635
0 0.542236 0.407031 0.118652 0.092969
0 0.425537 0.406031 0.118652 0.093635
0 0.304443 0.406031 0.118652 0.093635
0 0.185791 0.405698 0.118652 0.091636
0 0.067871 0.405531 0.121094 0.094635
0 0.896729 0.305898 0.115723 0.095968
0 0.780029 0.307398 0.115723 0.094302
0 0.661865 0.305731 0.118652 0.093635
0 0.542480 0.303732 0.113281 0.098967
0 0.422607 0.305398 0.117676 0.092969
0 0.300049 0.307064 0.116699 0.094968
0 0.181885 0.302233 0.115723 0.101966
0 0.065186 0.305398 0.117676 0.092969
0 0.902344 0.203765 0.122070 0.092303
0 0.780518 0.204432 0.117676 0.092303
0 0.661133 0.203765 0.119141 0.092303
0 0.542725 0.204765 0.117676 0.092969
0 0.422852 0.203099 0.124023 0.092303
0 0.302734 0.203765 0.120117 0.094968
0 0.184082 0.203432 0.115234 0.094302
0 0.066650 0.199600 0.116699 0.098634
0 0.782959 0.100633 0.118652 0.094635
0 0.663574 0.100467 0.117188 0.092969
0 0.543945 0.099134 0.122070 0.092969
0 0.423584 0.099134 0.117676 0.094302
0 0.301758 0.099967 0.118164 0.094635
0 0.181396 0.100133 0.116699 0.092303
0 0.065674 0.098134 0.114746 0.094968
