0 0.143066 0.902866 0.209961 0.097634
0 0.456299 0.902033 0.395020 0.094635
0 0.792969 0.800566 0.208984 0.094302
0 0.572998 0.799733 0.207520 0.093969
0 0.360352 0.799067 0.208984 0.095968
0 0.136475 0.798401 0.211426 0.099300
0 0.143311 0.697434 0.206543 0.095968
0 0.361816 0.696934 0.208008 0.092969
0 0.576904 0.696601 0.207520 0.094302
0 0.795654 0.697268 0.211426 0.094968
0 0.797607 0.597134 0.211426 0.095302
0 0.571777 0.595302 0.207031 0.094968
0 0.359863 0.596301 0.206055 0.094302
0 0.144043 0.596468 0.211914 0.095968
0 0.142334 0.493169 0.207520 0.095302
0 0.359375 0.493835 0.208008 0.094635
0 0.575195 0.494335 0.208008 0.096968
0 0.800537 0.493835 0.207520 0.096634
0 0.798096 0.294402 0.211426 0.096968
0 0.579590 0.295402 0.208008 0.095635
0 0.362793 0.294902 0.207031 0.094635
0 0.145996 0.294069 0.208008 0.094968
0 0.142090 0.192602 0.209961 0.095302
0 0.418945 0.191936 0.311523 0.092636
0 0.692871 0.191436 0.208984 0.094302
0 0.761963 0.087971 0.208496 0.094635
0 0.544678 0.088304 0.209473 0.095302
0 0.349854 0.074475 0.175293 0.121626
0 0.145996 0.089137 0.208984 0.092969
