0 0.919189 0.915861 0.118652 0.094302
0 0.798096 0.917527 0.118652 0.094302
0 0.679932 0.918194 0.117676 0.092969
0 0.562256 0.918194 0.115723 0.094302
0 0.446533 0.918027 0.116699 0.095968
0 0.331299 0.918860 0.117676 0.091636
0 0.215576 0.918860 0.117676 0.092969
0 0.099609 0.920526 0.119141 0.092969
0 0.852051 0.814229 0.224609 0.094302
0 0.675537 0.813229 0.118652 0.092969
0 0.558594 0.814229 0.117188 0.092969
0 0.442139 0.815228 0.116699 0.093635
0 0.326416 0.816395 0.112793 0.091303
0 0.209229 0.817061 0.115723 0.088637
0 0.095947 0.814895 0.121582 0.094302
0 0.866455 0.652949 0.259277 0.210263
0 0.673096 0.711929 0.117676 0.092969
0 0.551270 0.711596 0.119141 0.092969
0 0.398682 0.712096 0.190918 0.093969
0 0.231689 0.719593 0.136230 0.081639
0 0.097168 0.713762 0.122070 0.095302
0 0.674561 0.612463 0.118652 0.093302
0 0.556396 0.612129 0.115723 0.091969
0 0.438965 0.612129 0.116211 0.091969
0 0.325684 0.613462 0.113281 0.090636
0 0.211914 0.613629 0.116211 0.094968
0 0.097412 0.614795 0.116699 0.089970
0 0.798096 0.503332 0.118652 0.092303
0 0.677002 0.507664 0.117676 0.092969
0 0.558105 0.507997 0.118164 0.094968
0 0.440674 0.508331 0.118652 0.094302
0 0.326416 0.509997 0.114746 0.092969
0 0.212402 0.509830 0.115234 0.094635
0 0.098389 0.510996 0.116699 0.093635
0 0.923828 0.455015 0.121094 0.181606
0 0.798828 0.407864 0.120117 0.095968
0 0.679932 0.409197 0.117676 0.093302
0 0.562744 0.410363 0.118652 0.090970
0 0.445068 0.410696 0.118652 0.094302
0 0.327393 0.411030 0.116699 0.094968
0 0.210449 0.411030 0.115234 0.092303
0 0.094238 0.411696 0.119141 0.092303
0 0.916016 0.308897 0.119141 0.092636
0 0.781250 0.310397 0.120117 0.094302
0 0.643555 0.302566 0.136719 0.108630
0 0.901367 0.208097 0.118164 0.093635
0 0.779297 0.207764 0.118164 0.095635
0 0.646484 0.200267 0.122070 0.097301
0 0.489990 0.287737 0.153809 0.139620
0 0.327393 0.288237 0.153809 0.140620
0 0.149658 0.266245 0.192871 0.184605
0 0.919189 0.083972 0.157715 0.142619
0 0.767334 0.089137 0.137207 0.128291
0 0.622314 0.084472 0.149902 0.137621
0 0.480713 0.099467 0.139160 0.110297
0 0.323242 0.094635 0.160156 0.121293
0 0.173584 0.091136 0.136230 0.130290
