0 0.870850 0.910030 0.202637 0.103299
0 0.667480 0.909197 0.202148 0.104965
0 0.466553 0.909697 0.200684 0.101300
0 0.265869 0.910030 0.202637 0.101966
0 0.084473 0.914029 0.160156 0.093969
0 0.897461 0.815728 0.142578 0.083306
0 0.726807 0.806731 0.198730 0.101300
0 0.526611 0.806065 0.202637 0.102632
0 0.326416 0.806065 0.206543 0.102632
0 0.119385 0.805731 0.205566 0.102632
0 0.894775 0.702099 0.139160 0.110630
0 0.719482 0.704099 0.204590 0.103965
0 0.517334 0.705098 0.203613 0.103299
0 0.318359 0.708597 0.189453 0.092303
0 0.118896 0.704765 0.202637 0.101300
0 0.863525 0.600133 0.199707 0.101300
0 0.671387 0.607298 0.189453 0.092969
0 0.508301 0.600467 0.138672 0.110630
0 0.369141 0.600133 0.140625 0.111296
0 0.228760 0.600467 0.135254 0.109297
0 0.085693 0.600467 0.143066 0.109297
0 0.885742 0.486338 0.152344 0.132289
0 0.691650 0.492003 0.237793 0.118294
0 0.634521 0.393202 0.145996 0.084638
0 0.477783 0.463012 0.175293 0.163612
0 0.294189 0.451683 0.193848 0.184938
0 0.104004 0.463179 0.177734 0.161946
0 0.899658 0.307398 0.117676 0.092969
0 0.777832 0.307398 0.120117 0.094302
0 0.659912 0.304565 0.118652 0.094635
0 0.540039 0.306731 0.117188 0.092969
0 0.421875 0.306398 0.115234 0.092303
0 0.307861 0.306065 0.114746 0.094302
0 0.194092 0.306731 0.117676 0.094302
0 0.073486 0.307064 0.118652 0.093635
0 0.895996 0.205598 0.115234 0.094635
0 0.773193 0.204765 0.118652 0.094302
0 0.656738 0.201766 0.119141 0.101633
0 0.538574 0.204432 0.117188 0.094968
0 0.424561 0.204432 0.116699 0.092303
0 0.309814 0.205432 0.117676 0.092969
0 0.191895 0.204765 0.118164 0.092969
0 0.072510 0.205098 0.118652 0.092303
0 0.833008 0.084805 0.138672 0.132289
0 0.686035 0.082139 0.151367 0.137621
0 0.535156 0.085472 0.148438 0.132289
0 0.384277 0.084139 0.149414 0.131623
0 0.239258 0.084805 0.138672 0.130956
0 0.091797 0.085138 0.150391 0.130290
