0 0.929688 0.925192 0.120117 0.094968
0 0.804443 0.925192 0.117676 0.093635
0 0.688232 0.925525 0.117676 0.094302
0 0.565186 0.919693 0.122559 0.107964
0 0.443115 0.924858 0.115723 0.094302
0 0.326904 0.925858 0.117676 0.093635
0 0.211426 0.926691 0.117188 0.093969
0 0.095459 0.929024 0.116699 0.090636
0 0.099121 0.821726 0.118164 0.095302
0 0.214844 0.820393 0.120117 0.095302
0 0.333984 0.821060 0.116211 0.095302
0 0.450928 0.820726 0.118652 0.093302
0 0.569336 0.820560 0.120117 0.092969
0 0.685791 0.819227 0.116699 0.094302
0 0.799561 0.818560 0.116699 0.092969
0 0.925537 0.819893 0.117676 0.094302
0 0.923096 0.716261 0.117676 0.099633
0 0.804443 0.718261 0.116699 0.093635
0 0.687500 0.717927 0.116211 0.092969
0 0.572998 0.719094 0.117676 0.093969
0 0.457520 0.718594 0.118164 0.094302
0 0.338867 0.715761 0.120117 0.101966
0 0.220459 0.719427 0.116699 0.094635
0 0.101807 0.717761 0.118652 0.096634
0 0.937256 0.575308 0.117676 0.181606
0 0.798828 0.596801 0.150391 0.141286
0 0.647949 0.584638 0.149414 0.161613
0 0.494385 0.583972 0.150879 0.163612
0 0.331299 0.584972 0.176270 0.162279
0 0.143799 0.575308 0.191895 0.181606
0 0.168945 0.402866 0.240234 0.121959
0 0.412109 0.402699 0.236328 0.120293
0 0.652832 0.402532 0.239258 0.121293
0 0.851318 0.397201 0.137207 0.128624
0 0.861572 0.268077 0.136230 0.130290
0 0.715820 0.271076 0.150391 0.132956
0 0.565186 0.270743 0.160645 0.142952
0 0.409668 0.277074 0.141602 0.130290
0 0.259521 0.272076 0.152832 0.138287
0 0.113281 0.274075 0.137695 0.131623
0 0.869629 0.096634 0.235352 0.119294
0 0.633301 0.096468 0.237305 0.118960
0 0.393799 0.096634 0.240723 0.120626
0 0.193848 0.090636 0.150391 0.133955
