0 0.852783 0.907864 0.236816 0.119627
0 0.614746 0.907531 0.237305 0.118960
0 0.378906 0.905698 0.236328 0.121959
0 0.143311 0.907198 0.237793 0.118960
0 0.891357 0.714429 0.161621 0.093969
0 0.705566 0.709930 0.206055 0.102299
0 0.500244 0.711763 0.204590 0.101966
0 0.301025 0.710763 0.202637 0.103965
0 0.106689 0.710263 0.189941 0.101633
0 0.899658 0.606798 0.138184 0.109297
0 0.725830 0.609797 0.203613 0.101966
0 0.524658 0.608797 0.203613 0.101300
0 0.322021 0.609797 0.203613 0.101966
0 0.115967 0.609630 0.203613 0.104299
0 0.911621 0.506664 0.119141 0.092969
0 0.713623 0.506331 0.192871 0.100966
0 0.524170 0.506664 0.191895 0.101633
0 0.320068 0.506498 0.203613 0.102632
0 0.114990 0.507164 0.203613 0.102632
0 0.913818 0.410863 0.116699 0.093302
0 0.753418 0.406698 0.204102 0.099633
0 0.552002 0.406031 0.199707 0.100966
0 0.353271 0.406365 0.202637 0.100300
0 0.129639 0.406365 0.235840 0.100300
0 0.909424 0.311396 0.118652 0.093635
0 0.710693 0.306398 0.202637 0.100966
0 0.511230 0.306231 0.203125 0.101300
0 0.312744 0.306398 0.193848 0.100966
0 0.113770 0.307064 0.206055 0.100966
0 0.901123 0.215595 0.135254 0.079973
0 0.763428 0.200100 0.142090 0.111629
0 0.627197 0.201100 0.138184 0.109630
0 0.488281 0.200933 0.139648 0.109297
0 0.348145 0.200933 0.138672 0.107964
0 0.212646 0.200100 0.139160 0.111629
0 0.077393 0.201433 0.137207 0.111629
0 0.709961 0.077474 0.149414 0.137621
0 0.545410 0.075142 0.158203 0.138287
0 0.394531 0.076141 0.150391 0.137621
0 0.240234 0.074309 0.149414 0.141286
0 0.083496 0.076475 0.151367 0.136954
