0 0.860596 0.910363 0.267090 0.113296
0 0.654541 0.912862 0.136230 0.112296
0 0.508789 0.906698 0.139648 0.121959
0 0.329834 0.913862 0.208496 0.112296
0 0.143799 0.913695 0.142090 0.115295
0 0.878418 0.801733 0.215820 0.113296
0 0.689209 0.785238 0.143066 0.136954
0 0.536621 0.781240 0.138672 0.136288
0 0.377686 0.792403 0.158691 0.139287
0 0.169434 0.702599 0.235352 0.119627
0 0.350830 0.606964 0.135254 0.108964
0 0.483154 0.607631 0.136230 0.110297
0 0.614746 0.606964 0.137695 0.110297
0 0.754639 0.605798 0.138184 0.113962
0 0.898438 0.607464 0.138672 0.109297
0 0.875000 0.492003 0.237305 0.119627
0 0.638672 0.491336 0.237305 0.119627
0 0.399414 0.492336 0.236328 0.118960
0 0.161377 0.499500 0.237793 0.118627
0 0.852051 0.364045 0.152344 0.132956
0 0.705566 0.365212 0.138672 0.131290
0 0.561279 0.365878 0.149902 0.132622
0 0.410645 0.365545 0.150391 0.131956
0 0.264893 0.368544 0.147949 0.131956
0 0.113037 0.373709 0.155762 0.131623
0 0.885986 0.203765 0.139160 0.110297
0 0.745361 0.203599 0.145996 0.108630
0 0.605469 0.203765 0.136719 0.110297
0 0.468018 0.204099 0.136230 0.109630
0 0.328613 0.204932 0.138672 0.109297
0 0.192871 0.205265 0.137695 0.109963
0 0.913818 0.076475 0.151855 0.139620
0 0.764160 0.077141 0.150391 0.139620
0 0.613525 0.074975 0.152832 0.141286
0 0.465332 0.077974 0.150391 0.138620
0 0.253418 0.081473 0.266602 0.131623
