0 0.883301 0.883206 0.151367 0.158281
0 0.725830 0.884372 0.149902 0.159280
0 0.584961 0.925025 0.131836 0.076641
0 0.451172 0.925691 0.130859 0.075308
0 0.330811 0.920526 0.111816 0.086971
0 0.213623 0.914695 0.117676 0.096634
0 0.085449 0.926358 0.131836 0.076641
0 0.583496 0.820726 0.130859 0.077974
0 0.445557 0.822559 0.134277 0.077641
0 0.846436 0.705432 0.182129 0.103299
0 0.663574 0.707597 0.175781 0.101633
0 0.493652 0.697601 0.148438 0.122293
0 0.343262 0.699100 0.137695 0.115961
0 0.120850 0.566644 0.211426 0.188271
0 0.336670 0.543652 0.211426 0.188271
0 0.813477 0.483006 0.273438 0.144285
0 0.552979 0.460846 0.210449 0.185272
0 0.344971 0.356881 0.208496 0.186604
0 0.122803 0.363879 0.210449 0.185938
0 0.854980 0.262246 0.210938 0.185938
0 0.596680 0.276741 0.291016 0.157614
0 0.744629 0.081639 0.272461 0.141286
0 0.460449 0.081973 0.271484 0.140620
0 0.183594 0.083972 0.275391 0.141286
