0 0.850586 0.910363 0.187500 0.111296
0 0.690186 0.913695 0.130371 0.101966
0 0.541504 0.901366 0.160156 0.127957
0 0.345947 0.917028 0.218262 0.096634
0 0.811279 0.807398 0.113770 0.088637
0 0.688721 0.814062 0.114746 0.089970
0 0.536621 0.799400 0.134766 0.077308
0 0.336426 0.809730 0.236328 0.101966
0 0.135742 0.817727 0.110352 0.092636
0 0.822754 0.630956 0.318359 0.253582
0 0.506592 0.678107 0.288574 0.160613
0 0.282471 0.679107 0.145996 0.160613
0 0.128906 0.679107 0.152344 0.160613
0 0.598389 0.509164 0.110840 0.090636
0 0.429932 0.509830 0.214355 0.090636
0 0.252930 0.510830 0.111328 0.089970
0 0.924072 0.407531 0.115723 0.092636
0 0.758057 0.408364 0.210449 0.091636
0 0.544434 0.409197 0.212891 0.089970
0 0.374512 0.410530 0.112305 0.089970
0 0.253418 0.411196 0.114258 0.089970
0 0.118652 0.470343 0.122070 0.172276
0 0.857422 0.309563 0.112305 0.089970
0 0.747559 0.310397 0.109375 0.088304
0 0.634277 0.310730 0.111328 0.088970
0 0.520020 0.311396 0.111328 0.087637
0 0.253906 0.310397 0.418945 0.090303
0 0.895752 0.170943 0.152832 0.163279
0 0.713135 0.161946 0.194824 0.181273
0 0.521484 0.172609 0.204102 0.160613
0 0.340088 0.173942 0.150879 0.157947
0 0.184814 0.173609 0.148926 0.162612
