0 0.751953 0.896201 0.208984 0.124958
0 0.582520 0.893202 0.138672 0.129623
0 0.417480 0.886871 0.166016 0.137621
0 0.247559 0.887204 0.167969 0.136954
0 0.084961 0.887038 0.155273 0.135955
0 0.861084 0.805898 0.183105 0.091636
0 0.890625 0.597134 0.139648 0.108630
0 0.717773 0.705931 0.198242 0.092303
0 0.721680 0.606964 0.197266 0.092303
0 0.511719 0.706598 0.194336 0.092303
0 0.517578 0.606465 0.199219 0.092636
0 0.303711 0.706265 0.197266 0.091636
0 0.299316 0.606465 0.197266 0.091303
0 0.105713 0.664445 0.198730 0.174608
0 0.891357 0.488670 0.135254 0.109630
0 0.726318 0.503166 0.194824 0.089304
0 0.530762 0.500666 0.198242 0.091636
0 0.330811 0.501833 0.196777 0.090636
0 0.128174 0.492502 0.212402 0.109297
0 0.821777 0.369210 0.137695 0.129290
0 0.674072 0.384872 0.138184 0.129290
0 0.532959 0.385205 0.137207 0.127291
0 0.390625 0.373709 0.138672 0.127624
0 0.247803 0.375541 0.136230 0.128624
0 0.097168 0.373875 0.139648 0.127957
0 0.873291 0.200766 0.182129 0.094968
0 0.691650 0.200766 0.184082 0.092303
0 0.510010 0.200766 0.185059 0.092303
0 0.324219 0.201433 0.186523 0.090970
0 0.132812 0.201766 0.187500 0.092969
0 0.810303 0.083972 0.134277 0.126624
0 0.666016 0.083139 0.134766 0.127624
0 0.513184 0.077974 0.152344 0.136621
0 0.349365 0.078974 0.162598 0.135955
0 0.143799 0.086138 0.207520 0.102966
