0 0.360352 0.693436 0.140625 0.145285
0 0.216309 0.694102 0.141602 0.145285
0 0.083984 0.679440 0.113281 0.173276
0 0.498047 0.620793 0.115234 0.089304
0 0.162598 0.505498 0.274414 0.113296
0 0.656738 0.511496 0.217773 0.098634
0 0.424805 0.512829 0.216797 0.094635
0 0.874023 0.467511 0.111328 0.185272
0 0.654297 0.412529 0.210938 0.095302
0 0.486816 0.414195 0.110352 0.094635
0 0.373047 0.414528 0.113281 0.096634
0 0.871582 0.268577 0.112305 0.185938
0 0.661621 0.304565 0.268555 0.116628
0 0.383789 0.305898 0.273438 0.115295
0 0.132812 0.292236 0.214844 0.149284
0 0.730469 0.101300 0.216797 0.116628
0 0.316406 0.105298 0.214844 0.109963
0 0.118164 0.090970 0.164062 0.142619
