0 0.875488 0.909364 0.120117 0.095968
0 0.759277 0.908697 0.114258 0.094635
0 0.645996 0.909030 0.114258 0.093969
0 0.532227 0.907697 0.115234 0.093969
0 0.418945 0.907364 0.119141 0.094635
0 0.304688 0.905698 0.113281 0.095302
0 0.191406 0.907364 0.115234 0.093302
0 0.068848 0.907031 0.116211 0.092636
0 0.876953 0.806065 0.115234 0.094635
0 0.754883 0.804065 0.117188 0.093302
0 0.642090 0.802732 0.114258 0.091969
0 0.529785 0.803066 0.116211 0.095302
0 0.416992 0.801400 0.117188 0.093302
0 0.303711 0.801400 0.117188 0.097301
0 0.189453 0.801733 0.117188 0.095302
0 0.072754 0.803066 0.118164 0.092636
0 0.883301 0.701766 0.114258 0.095302
0 0.758301 0.710430 0.127930 0.073975
0 0.641113 0.704432 0.112305 0.087304
0 0.524414 0.701766 0.117188 0.093969
0 0.408691 0.700100 0.114258 0.095968
0 0.293945 0.701433 0.115234 0.093302
0 0.181152 0.700100 0.116211 0.097301
0 0.068359 0.701100 0.119141 0.092636
0 0.886719 0.602799 0.117188 0.095968
0 0.760742 0.603466 0.115234 0.094635
0 0.645020 0.602799 0.112305 0.093302
0 0.525391 0.602466 0.117188 0.092636
0 0.407227 0.601799 0.115234 0.092636
0 0.289551 0.601466 0.116211 0.091969
0 0.175293 0.603132 0.110352 0.087304
0 0.064941 0.604132 0.116211 0.086638
0 0.891113 0.500167 0.120117 0.093302
0 0.765137 0.503499 0.112305 0.087971
0 0.646973 0.502499 0.112305 0.088637
0 0.533691 0.499167 0.118164 0.096634
0 0.417969 0.498500 0.119141 0.092636
0 0.292969 0.493502 0.128906 0.101300
0 0.120117 0.501500 0.152344 0.087971
0 0.895020 0.401200 0.122070 0.096634
0 0.773926 0.399200 0.118164 0.095302
0 0.655273 0.398867 0.117188 0.094635
0 0.530762 0.398867 0.118164 0.094635
0 0.383301 0.405531 0.139648 0.081306
0 0.235840 0.404532 0.135742 0.080640
0 0.087402 0.403199 0.135742 0.079307
0 0.893066 0.308231 0.133789 0.081306
0 0.768555 0.299567 0.123047 0.094635
0 0.648926 0.300233 0.114258 0.090636
0 0.531250 0.299567 0.117188 0.093302
0 0.414062 0.298567 0.115234 0.092636
0 0.296875 0.298234 0.115234 0.093302
0 0.182129 0.298900 0.114258 0.094635
0 0.067383 0.298567 0.117188 0.092636
0 0.882812 0.197268 0.115234 0.093969
0 0.767090 0.197601 0.116211 0.093302
0 0.650879 0.197934 0.114258 0.093969
0 0.534180 0.194935 0.119141 0.095968
0 0.416504 0.197601 0.118164 0.093302
0 0.299805 0.195601 0.117188 0.094635
0 0.183594 0.194602 0.115234 0.093969
0 0.066895 0.196601 0.116211 0.091303
0 0.809082 0.086638 0.133789 0.105965
0 0.680176 0.093302 0.118164 0.093969
0 0.561035 0.096301 0.114258 0.086638
0 0.449707 0.096301 0.112305 0.086638
0 0.339844 0.096634 0.113281 0.085971
0 0.224609 0.095302 0.113281 0.085971
