0 0.901123 0.909697 0.170410 0.097301
0 0.728760 0.912363 0.161621 0.094635
0 0.565674 0.912029 0.162598 0.094635
0 0.414062 0.910863 0.138672 0.095635
0 0.191162 0.907531 0.302246 0.105631
0 0.892334 0.808397 0.187988 0.092636
0 0.707520 0.809397 0.186523 0.091969
0 0.519531 0.809730 0.191406 0.092636
0 0.330566 0.809230 0.189453 0.094968
0 0.134277 0.809563 0.193359 0.091636
0 0.898438 0.706265 0.190430 0.092303
0 0.708740 0.706598 0.189941 0.092969
0 0.517578 0.706431 0.192383 0.092636
0 0.322266 0.706598 0.192383 0.096301
0 0.132568 0.708264 0.190918 0.093635
0 0.828857 0.607131 0.190918 0.091969
0 0.636475 0.607131 0.191895 0.093969
0 0.443604 0.607464 0.188965 0.091303
0 0.248779 0.606798 0.191895 0.095302
0 0.094727 0.607131 0.114258 0.094635
0 0.912842 0.502666 0.115723 0.093635
0 0.797852 0.503166 0.114258 0.093302
0 0.685547 0.502999 0.113281 0.093635
0 0.572754 0.503832 0.115234 0.091969
0 0.460938 0.505332 0.113281 0.092303
0 0.345459 0.503499 0.116699 0.091969
0 0.228760 0.504499 0.113770 0.092636
0 0.107910 0.504165 0.127930 0.094635
0 0.798340 0.403865 0.368164 0.093969
0 0.518799 0.404698 0.189941 0.093635
0 0.325439 0.406031 0.188965 0.092969
0 0.133545 0.406031 0.192871 0.094968
0 0.890869 0.302899 0.118652 0.093302
0 0.722656 0.304732 0.193359 0.092969
0 0.524902 0.305065 0.195312 0.090303
0 0.329346 0.305731 0.192871 0.091636
0 0.135254 0.307064 0.191406 0.092303
0 0.815430 0.202766 0.195312 0.094968
0 0.624512 0.205265 0.166992 0.091969
0 0.480469 0.203266 0.118164 0.093302
0 0.367188 0.204099 0.111328 0.091636
0 0.239014 0.211929 0.138184 0.078640
0 0.103027 0.212096 0.136719 0.078974
0 0.889648 0.082806 0.136719 0.131623
0 0.752686 0.082139 0.137207 0.134955
0 0.616211 0.083306 0.137695 0.132622
0 0.476807 0.083139 0.136230 0.130290
0 0.339844 0.083972 0.135742 0.130623
