0 0.780273 0.896201 0.136719 0.128291
0 0.642334 0.896534 0.134277 0.129623
0 0.507568 0.896868 0.134277 0.128291
0 0.358154 0.914695 0.139160 0.093969
0 0.212158 0.915195 0.119629 0.096968
0 0.085938 0.917194 0.116211 0.091636
0 0.354492 0.818727 0.136719 0.077974
0 0.213623 0.819060 0.134277 0.076641
0 0.076660 0.820393 0.142578 0.073975
0 0.892578 0.712762 0.139648 0.079973
0 0.753662 0.715595 0.134277 0.078974
0 0.621582 0.715761 0.134766 0.078640
0 0.489502 0.716928 0.134277 0.077641
0 0.356201 0.717261 0.135254 0.075641
0 0.222900 0.717927 0.135254 0.075641
0 0.086670 0.717927 0.144043 0.076308
0 0.896729 0.614462 0.146973 0.080640
0 0.759521 0.614628 0.134277 0.078974
0 0.624756 0.615295 0.140137 0.078307
0 0.489502 0.614962 0.134277 0.076974
0 0.354492 0.614962 0.136719 0.079640
0 0.215820 0.615961 0.136719 0.080307
0 0.078857 0.618127 0.137207 0.079307
0 0.806152 0.510996 0.136719 0.078307
0 0.670410 0.511496 0.136719 0.079307
0 0.536865 0.512163 0.135254 0.077974
0 0.412842 0.505498 0.114746 0.092636
0 0.297119 0.504998 0.115723 0.092969
0 0.184570 0.506331 0.110352 0.090970
0 0.066162 0.506331 0.114746 0.093635
0 0.862305 0.405531 0.113281 0.091969
0 0.743652 0.405032 0.114258 0.092969
0 0.629395 0.406198 0.115234 0.093302
0 0.516602 0.407031 0.112305 0.091636
0 0.408936 0.406864 0.112793 0.091969
0 0.299072 0.405531 0.112793 0.092636
0 0.186035 0.402866 0.116211 0.102632
0 0.063232 0.408364 0.123535 0.092969
0 0.863281 0.305232 0.115234 0.093302
0 0.746582 0.305232 0.116211 0.093302
0 0.632080 0.303899 0.113770 0.097301
0 0.518799 0.306398 0.111816 0.093635
0 0.405518 0.307064 0.111816 0.091636
0 0.293945 0.306898 0.113281 0.092636
0 0.182129 0.308231 0.114258 0.090636
0 0.064209 0.307731 0.116699 0.092969
0 0.863281 0.204265 0.115234 0.093302
0 0.743408 0.204265 0.116699 0.091969
0 0.629639 0.204765 0.118652 0.092969
0 0.485352 0.212929 0.135742 0.076641
0 0.347656 0.213262 0.132812 0.075975
0 0.211914 0.213262 0.133789 0.076641
0 0.074707 0.214595 0.133789 0.076641
0 0.687988 0.089803 0.169922 0.118960
0 0.517090 0.092303 0.167969 0.115295
0 0.359131 0.085805 0.132324 0.130956
0 0.224365 0.086305 0.135254 0.129290
0 0.078857 0.085971 0.150879 0.129957
