0 0.912109 0.925192 0.136719 0.078307
0 0.770020 0.925025 0.140625 0.079973
0 0.604736 0.918694 0.188965 0.091303
0 0.372803 0.924359 0.281738 0.081306
0 0.134033 0.918694 0.191895 0.093302
0 0.891846 0.815561 0.193848 0.091636
0 0.699707 0.815228 0.193359 0.091636
0 0.510498 0.815062 0.189941 0.090636
0 0.324219 0.815728 0.186523 0.090636
0 0.135254 0.816395 0.190430 0.090636
0 0.891113 0.712929 0.192383 0.090970
0 0.700195 0.713262 0.191406 0.090303
0 0.508789 0.712429 0.190430 0.091969
0 0.322510 0.716261 0.176270 0.085638
0 0.135010 0.713929 0.189941 0.090970
0 0.869873 0.615628 0.176270 0.084972
0 0.689209 0.615295 0.175293 0.084972
0 0.510742 0.615128 0.176758 0.086638
0 0.328857 0.611463 0.192871 0.092636
0 0.135254 0.611963 0.190430 0.091636
0 0.887939 0.511163 0.221191 0.093969
0 0.734863 0.509497 0.226562 0.092636
0 0.570557 0.513329 0.108887 0.088304
0 0.460449 0.509997 0.109375 0.090303
0 0.348877 0.508331 0.114746 0.091636
0 0.235107 0.509164 0.111816 0.091303
0 0.114258 0.516828 0.134766 0.075308
0 0.871582 0.407198 0.115234 0.091969
0 0.751465 0.409530 0.114258 0.090636
0 0.638672 0.408697 0.115234 0.094968
0 0.520020 0.408864 0.114258 0.091969
0 0.405762 0.409364 0.112305 0.091636
0 0.291992 0.409697 0.110352 0.090970
0 0.141846 0.409530 0.187988 0.090636
0 0.794189 0.294735 0.259277 0.117627
0 0.549072 0.285072 0.202637 0.140287
0 0.320557 0.296901 0.233887 0.117961
0 0.131104 0.294069 0.148926 0.124958
0 0.860840 0.092303 0.131836 0.114628
0 0.725830 0.091969 0.130371 0.114628
0 0.589600 0.083972 0.137207 0.129290
0 0.454346 0.075308 0.133301 0.145285
0 0.319824 0.092136 0.131836 0.112296
0 0.187256 0.091803 0.130371 0.116295
