0 0.867188 0.917028 0.111328 0.088637
0 0.746826 0.916195 0.113770 0.086971
0 0.631836 0.916195 0.113281 0.089637
0 0.517578 0.916028 0.112305 0.087971
0 0.404053 0.917028 0.109863 0.088637
0 0.291992 0.915861 0.112305 0.087637
0 0.176514 0.916028 0.111816 0.087971
0 0.067383 0.914862 0.115234 0.088970
0 0.869141 0.811396 0.115234 0.090636
0 0.745850 0.812063 0.112793 0.089970
0 0.625732 0.811729 0.112793 0.089304
0 0.502441 0.811063 0.111328 0.087971
0 0.390137 0.810563 0.113281 0.091636
0 0.275146 0.810397 0.110840 0.089970
0 0.785645 0.590470 0.133789 0.125958
0 0.652588 0.593469 0.132324 0.119960
0 0.461670 0.601133 0.200684 0.105965
0 0.241943 0.603632 0.199707 0.100966
0 0.240234 0.502333 0.190430 0.095635
0 0.838623 0.378874 0.160645 0.143952
0 0.670654 0.378874 0.158691 0.142619
0 0.463135 0.396868 0.202637 0.105298
0 0.249023 0.399367 0.197266 0.101633
0 0.250732 0.290903 0.129395 0.109963
0 0.745117 0.208431 0.137695 0.078307
0 0.596924 0.207764 0.141113 0.078307
0 0.458496 0.200933 0.119141 0.095302
0 0.762451 0.088804 0.115723 0.108964
0 0.636230 0.078974 0.133789 0.130623
0 0.501709 0.077974 0.132324 0.129290
0 0.365479 0.080307 0.134277 0.126624
0 0.227051 0.079307 0.133789 0.128624
0 0.094482 0.079140 0.133301 0.128291
