0 0.907715 0.904698 0.157227 0.125958
0 0.748535 0.904865 0.154297 0.126291
0 0.590576 0.905365 0.159668 0.126624
0 0.430420 0.906031 0.159668 0.126624
0 0.273682 0.906365 0.156738 0.127291
0 0.113037 0.906531 0.162598 0.126291
0 0.782715 0.698267 0.305664 0.128291
0 0.540283 0.699600 0.157715 0.126958
0 0.395508 0.711263 0.128906 0.102966
0 0.265381 0.690270 0.129395 0.144952
0 0.119873 0.698101 0.160645 0.129957
0 0.870361 0.472509 0.213379 0.171276
0 0.693115 0.495835 0.147949 0.127957
0 0.548340 0.496001 0.149414 0.126958
0 0.399902 0.488670 0.153320 0.140953
0 0.255859 0.484172 0.139648 0.147951
0 0.117188 0.484505 0.138672 0.146618
0 0.838135 0.315228 0.216309 0.089970
0 0.614990 0.314895 0.212402 0.090636
0 0.448730 0.317228 0.111328 0.087971
0 0.335693 0.315895 0.112793 0.088637
0 0.218750 0.317228 0.112305 0.087971
0 0.099854 0.315895 0.113770 0.089970
0 0.920898 0.213929 0.113281 0.087304
0 0.750732 0.213429 0.215332 0.089637
0 0.574951 0.205765 0.132324 0.105631
0 0.441895 0.205765 0.133789 0.104965
0 0.308350 0.205765 0.135254 0.104965
0 0.171631 0.204765 0.135254 0.108964
0 0.878906 0.083472 0.136719 0.150283
0 0.736816 0.083139 0.137695 0.150283
0 0.600586 0.079807 0.136719 0.150283
0 0.394043 0.078307 0.268555 0.147284
0 0.186035 0.077141 0.137695 0.147617
