0 0.880859 0.898034 0.134766 0.133289
0 0.732178 0.894202 0.128418 0.144952
0 0.579834 0.895035 0.150879 0.143286
0 0.421875 0.896368 0.150391 0.143286
0 0.108398 0.816561 0.157227 0.090970
0 0.858887 0.705765 0.216797 0.111296
0 0.652832 0.697601 0.186523 0.126958
0 0.285156 0.706764 0.541016 0.109963
0 0.902588 0.483839 0.134277 0.145951
0 0.741699 0.507331 0.183594 0.101633
0 0.543701 0.506831 0.207520 0.101300
0 0.335938 0.507831 0.207031 0.102632
0 0.121338 0.508164 0.208496 0.100633
0 0.710693 0.408031 0.207520 0.100300
0 0.523193 0.412196 0.156738 0.088637
0 0.333252 0.412696 0.197754 0.091636
0 0.122559 0.410530 0.215820 0.097301
0 0.775146 0.313729 0.214355 0.090970
0 0.557129 0.313562 0.219727 0.089970
0 0.340332 0.316061 0.214844 0.090303
0 0.123535 0.312396 0.214844 0.094302
0 0.768555 0.213429 0.210938 0.088304
0 0.558838 0.212929 0.210449 0.089304
0 0.339600 0.211263 0.219238 0.092636
0 0.121582 0.213096 0.212891 0.089637
0 0.743164 0.101799 0.190430 0.106964
0 0.509766 0.081806 0.259766 0.151616
0 0.279297 0.094302 0.184570 0.126624
0 0.099609 0.093969 0.162109 0.129290
