0 0.780762 0.909863 0.188477 0.110297
0 0.601074 0.902532 0.157227 0.127624
0 0.438477 0.903532 0.161133 0.124958
0 0.278320 0.903199 0.156250 0.126291
0 0.118896 0.904032 0.157715 0.125958
0 0.841553 0.697434 0.159668 0.126624
0 0.678467 0.697767 0.157715 0.126624
0 0.518066 0.697934 0.157227 0.126958
0 0.373535 0.688604 0.131836 0.144952
0 0.239746 0.688104 0.127930 0.143952
0 0.106201 0.686271 0.132324 0.146951
0 0.913086 0.483839 0.133789 0.145951
0 0.780029 0.483839 0.131348 0.145951
0 0.646973 0.483672 0.131836 0.147617
0 0.510986 0.483339 0.132324 0.148284
0 0.375732 0.483672 0.135254 0.145618
0 0.242188 0.484838 0.130859 0.143286
0 0.106445 0.484339 0.131836 0.143619
0 0.701660 0.302233 0.184570 0.105965
0 0.514893 0.303232 0.182129 0.106631
0 0.330078 0.303232 0.184570 0.106631
0 0.143555 0.302899 0.183594 0.109297
0 0.802490 0.198600 0.218262 0.101966
0 0.578125 0.198767 0.208984 0.105631
0 0.368408 0.201100 0.206543 0.101633
0 0.156250 0.202099 0.214844 0.092303
0 0.894531 0.078141 0.160156 0.140953
0 0.677979 0.088137 0.267090 0.120960
0 0.434814 0.095135 0.210449 0.108297
0 0.223877 0.086138 0.207520 0.126958
