0 0.851562 0.890037 0.132812 0.175941
0 0.706787 0.904199 0.129395 0.145618
0 0.550293 0.905365 0.165039 0.144618
0 0.396729 0.906198 0.131348 0.144952
0 0.251465 0.906198 0.149414 0.143619
0 0.094727 0.905698 0.152344 0.143952
0 0.305420 0.717094 0.209473 0.109297
0 0.105713 0.718261 0.186035 0.109630
0 0.841797 0.697101 0.132812 0.145951
0 0.693115 0.698267 0.149902 0.146285
0 0.534912 0.699267 0.151855 0.143619
0 0.319336 0.618960 0.208984 0.087637
0 0.111816 0.621793 0.211914 0.088637
0 0.851074 0.522493 0.214844 0.087971
0 0.636719 0.516661 0.208984 0.101633
0 0.424805 0.516828 0.209961 0.101966
0 0.234375 0.523159 0.156250 0.089970
0 0.086914 0.516495 0.134766 0.103299
0 0.800537 0.414528 0.135254 0.103299
0 0.658691 0.415028 0.132812 0.102966
0 0.524170 0.415195 0.134277 0.103299
0 0.390625 0.415028 0.133789 0.103632
0 0.166748 0.415861 0.311035 0.093302
0 0.892822 0.312729 0.134277 0.108297
0 0.747559 0.312229 0.130859 0.107298
0 0.609863 0.312896 0.134766 0.107298
0 0.408447 0.312229 0.259277 0.107964
0 0.141602 0.314062 0.260742 0.107631
0 0.885742 0.206764 0.133789 0.106964
0 0.747803 0.205765 0.138184 0.107631
0 0.612305 0.205765 0.132812 0.108297
0 0.480957 0.206098 0.134766 0.109630
0 0.347412 0.205931 0.132324 0.107964
0 0.214844 0.205598 0.133789 0.109297
0 0.082031 0.206764 0.134766 0.108297
0 0.787354 0.079807 0.142090 0.149617
0 0.637451 0.078974 0.141113 0.145951
0 0.492920 0.078307 0.130371 0.145951
0 0.353516 0.076974 0.129883 0.146618
0 0.215576 0.080473 0.132324 0.141619
0 0.081299 0.080140 0.131348 0.141619
