0 0.830322 0.901866 0.132324 0.106964
0 0.667236 0.902866 0.190918 0.100300
0 0.478271 0.902199 0.188965 0.101633
0 0.276611 0.907864 0.211426 0.088304
0 0.099365 0.898534 0.129395 0.106964
0 0.899170 0.797234 0.185059 0.104965
0 0.718262 0.795068 0.180664 0.107964
0 0.553711 0.778074 0.148438 0.142619
0 0.407227 0.774409 0.148438 0.142619
0 0.261963 0.774075 0.147949 0.141286
0 0.109863 0.773076 0.159180 0.143952
0 0.431152 0.601966 0.156250 0.092303
0 0.275635 0.602632 0.153809 0.089637
0 0.120850 0.602299 0.155762 0.088304
0 0.841309 0.515328 0.300781 0.270910
0 0.598877 0.522992 0.185059 0.246918
0 0.428955 0.481006 0.158691 0.126291
0 0.273682 0.479507 0.155762 0.125958
0 0.116699 0.478507 0.160156 0.127957
0 0.845215 0.282572 0.162109 0.126624
0 0.680420 0.283406 0.158691 0.126291
0 0.512939 0.282906 0.160645 0.130623
0 0.330322 0.281240 0.186035 0.127291
0 0.138428 0.280407 0.184082 0.125625
0 0.875732 0.081306 0.212402 0.125958
0 0.660645 0.079474 0.211914 0.126291
0 0.444336 0.078474 0.214844 0.126291
0 0.227051 0.077641 0.212891 0.126624
