0 0.866211 0.910530 0.250977 0.087637
0 0.616455 0.905865 0.242676 0.100300
0 0.381104 0.915861 0.227051 0.080307
0 0.154297 0.909364 0.223633 0.095968
0 0.871094 0.796568 0.230469 0.113629
0 0.654785 0.782572 0.206055 0.142286
0 0.462402 0.774908 0.166992 0.156948
0 0.292969 0.775408 0.165039 0.155282
0 0.124023 0.773909 0.167969 0.156281
0 0.154785 0.592969 0.230469 0.114295
0 0.363525 0.572642 0.164551 0.156281
0 0.531738 0.573476 0.167969 0.156614
0 0.713623 0.572809 0.170410 0.158614
0 0.892578 0.572809 0.166992 0.157947
0 0.882812 0.399200 0.186523 0.097301
0 0.725830 0.397701 0.132324 0.104299
0 0.562744 0.399533 0.187988 0.097301
0 0.369873 0.399200 0.187988 0.097301
0 0.165283 0.396868 0.213379 0.102632
0 0.760986 0.290736 0.230957 0.110963
0 0.522461 0.291736 0.230469 0.112962
0 0.343262 0.294902 0.121094 0.107298
0 0.164062 0.292403 0.230469 0.110963
0 0.216309 0.192602 0.315430 0.092636
0 0.502686 0.192103 0.228027 0.083639
0 0.752686 0.191603 0.234863 0.082639
0 0.857178 0.088137 0.145996 0.119627
0 0.685059 0.083639 0.145508 0.126624
0 0.524902 0.085971 0.144531 0.120626
0 0.365723 0.084972 0.152344 0.122626
0 0.201904 0.083139 0.138184 0.126291
