0 0.767334 0.919860 0.277832 0.106298
0 0.470703 0.919693 0.222656 0.109963
0 0.200439 0.921526 0.277832 0.106298
0 0.762939 0.810896 0.272949 0.106298
0 0.479004 0.809563 0.278320 0.105631
0 0.201660 0.815728 0.272461 0.105298
0 0.859619 0.609464 0.134277 0.113962
0 0.638672 0.611296 0.260742 0.112296
0 0.373047 0.613462 0.264648 0.111963
0 0.894043 0.417861 0.113281 0.089970
0 0.773682 0.418027 0.114746 0.090303
0 0.657227 0.420360 0.108398 0.087637
0 0.546387 0.420693 0.110352 0.088304
0 0.433594 0.420526 0.110352 0.085971
0 0.320557 0.422193 0.111816 0.085971
0 0.208252 0.421859 0.110840 0.088637
0 0.098633 0.420693 0.111328 0.088970
0 0.889893 0.318727 0.112793 0.088970
0 0.772949 0.320060 0.110352 0.086305
0 0.657959 0.319727 0.111816 0.087637
0 0.546875 0.320060 0.110352 0.088304
0 0.435791 0.321226 0.111816 0.086638
0 0.323975 0.321893 0.110840 0.088637
0 0.213623 0.322393 0.111816 0.085638
0 0.100586 0.322393 0.113281 0.088304
0 0.895020 0.217594 0.112305 0.086638
0 0.774170 0.216761 0.112793 0.088304
0 0.657715 0.217927 0.108398 0.087304
0 0.550049 0.217761 0.110840 0.086971
0 0.436768 0.218427 0.110840 0.086971
0 0.318848 0.216928 0.114258 0.089970
0 0.145508 0.218094 0.208008 0.088970
0 0.867920 0.092802 0.156738 0.126291
0 0.717285 0.085805 0.137695 0.142286
0 0.557617 0.092802 0.181641 0.130290
0 0.364014 0.089470 0.207520 0.136954
0 0.181152 0.090636 0.157227 0.137954
