0 0.384033 0.912363 0.190918 0.111296
0 0.164062 0.887371 0.173828 0.163279
0 0.877197 0.747917 0.227051 0.227591
0 0.658691 0.749417 0.192383 0.229923
0 0.430420 0.698767 0.253418 0.128624
0 0.172363 0.701266 0.253906 0.124292
0 0.708984 0.499667 0.235352 0.114295
0 0.433350 0.493502 0.253418 0.126624
0 0.182861 0.496834 0.235840 0.119960
0 0.613525 0.310563 0.189941 0.095968
0 0.404297 0.311063 0.189453 0.096968
0 0.823242 0.212096 0.211914 0.090970
0 0.609375 0.212096 0.208984 0.091636
0 0.387451 0.211929 0.212402 0.088637
0 0.166504 0.212263 0.211914 0.092636
0 0.802734 0.083972 0.134766 0.145285
0 0.663330 0.083639 0.134277 0.148617
0 0.469971 0.107964 0.219238 0.099300
0 0.235352 0.107964 0.220703 0.097301
