0 0.836670 0.794069 0.154785 0.134622
0 0.593262 0.803066 0.259766 0.115961
0 0.346924 0.808730 0.206543 0.104632
0 0.132568 0.805565 0.207520 0.110963
0 0.814941 0.603466 0.247070 0.111296
0 0.570557 0.597801 0.226074 0.124625
0 0.349609 0.601466 0.208008 0.119960
0 0.139404 0.601466 0.208496 0.114628
0 0.743164 0.393869 0.277344 0.127291
0 0.460205 0.394369 0.271973 0.127624
0 0.176514 0.397867 0.263184 0.125958
0 0.806641 0.176941 0.168945 0.158614
0 0.633545 0.173442 0.177246 0.165611
0 0.452393 0.172942 0.175293 0.163945
0 0.275391 0.172942 0.178711 0.166611
0 0.096191 0.171943 0.179688 0.166611
