0 0.902344 0.924192 0.117188 0.090303
0 0.788330 0.925858 0.110840 0.088970
0 0.674561 0.925025 0.111816 0.089304
0 0.560303 0.925192 0.112793 0.090303
0 0.387207 0.925025 0.217773 0.091303
0 0.163574 0.924692 0.216797 0.091303
0 0.908203 0.821060 0.113281 0.089304
0 0.792969 0.819893 0.112305 0.089637
0 0.676758 0.820227 0.112305 0.091636
0 0.563965 0.820726 0.112305 0.090636
0 0.451660 0.821226 0.112305 0.091636
0 0.336914 0.821226 0.111328 0.089637
0 0.223145 0.821226 0.112305 0.091636
0 0.102051 0.822393 0.112305 0.091303
0 0.931396 0.719760 0.111816 0.088637
0 0.782959 0.719427 0.191895 0.089304
0 0.633545 0.711763 0.112793 0.106631
0 0.505127 0.708431 0.130371 0.111296
0 0.369873 0.708431 0.133301 0.111296
0 0.858643 0.608797 0.138184 0.111296
0 0.708496 0.612296 0.111328 0.089637
0 0.585205 0.609963 0.114746 0.088970
0 0.464355 0.606798 0.112305 0.091303
0 0.234619 0.708097 0.126465 0.113296
0 0.105957 0.690770 0.130859 0.148617
0 0.290283 0.607797 0.230957 0.089304
0 0.901611 0.508164 0.112793 0.089970
0 0.776855 0.507664 0.112305 0.088970
0 0.663330 0.515828 0.114746 0.089970
0 0.548584 0.515995 0.111816 0.090303
0 0.435547 0.515328 0.111328 0.089637
0 0.323730 0.516495 0.111328 0.089970
0 0.213379 0.517161 0.110352 0.089970
0 0.102783 0.515995 0.111816 0.090303
0 0.857910 0.413862 0.122070 0.093302
0 0.685059 0.415028 0.212891 0.088970
0 0.482910 0.418694 0.190430 0.083639
0 0.329834 0.415195 0.112793 0.091969
0 0.218506 0.415861 0.112793 0.090636
0 0.102051 0.415695 0.116211 0.090303
0 0.871094 0.321726 0.133789 0.078307
0 0.730469 0.323059 0.138672 0.076308
0 0.599365 0.315395 0.113770 0.090303
0 0.484619 0.314728 0.115723 0.092969
0 0.332275 0.319394 0.188965 0.082306
0 0.138184 0.320060 0.189453 0.081639
0 0.880615 0.214262 0.109863 0.089970
0 0.759033 0.213096 0.116699 0.090970
0 0.588867 0.212096 0.214844 0.092969
0 0.372314 0.213262 0.217285 0.089970
0 0.150391 0.213096 0.215820 0.092303
0 0.933594 0.098301 0.128906 0.112629
0 0.805908 0.097634 0.128418 0.114628
0 0.682129 0.095635 0.127930 0.117961
0 0.554199 0.096968 0.129883 0.113962
0 0.426514 0.097301 0.128418 0.112629
0 0.298828 0.097301 0.129883 0.112629
