0 0.714600 0.767911 0.331543 0.196934
0 0.421387 0.811563 0.209961 0.102966
0 0.869873 0.566311 0.185059 0.194935
0 0.677002 0.572642 0.187988 0.177607
0 0.492432 0.572309 0.188965 0.178940
0 0.304443 0.567311 0.183105 0.192269
0 0.764160 0.411196 0.117188 0.094635
0 0.648193 0.414862 0.114746 0.091969
0 0.531250 0.413862 0.110352 0.093302
0 0.410400 0.415028 0.118652 0.093635
0 0.290527 0.416361 0.113281 0.090970
0 0.751221 0.304399 0.192871 0.112296
0 0.541748 0.302899 0.194824 0.114628
0 0.342041 0.304732 0.191895 0.113629
0 0.139160 0.304399 0.193359 0.116961
0 0.902832 0.117961 0.131836 0.077974
0 0.762207 0.115961 0.138672 0.082639
0 0.628174 0.112796 0.115723 0.088304
0 0.511230 0.113795 0.115234 0.088304
0 0.392822 0.113795 0.115723 0.090303
0 0.277100 0.111963 0.114746 0.089304
0 0.163086 0.113962 0.113281 0.089970
