0 0.825439 0.799234 0.125488 0.124292
0 0.694092 0.797901 0.124512 0.124292
0 0.508057 0.798067 0.236816 0.124625
0 0.261719 0.797901 0.236328 0.126958
0 0.070068 0.802066 0.121582 0.119294
0 0.747070 0.612463 0.188477 0.095302
0 0.589111 0.611963 0.120605 0.093635
0 0.467773 0.612962 0.122070 0.092969
0 0.284424 0.612463 0.234863 0.095302
0 0.084473 0.606631 0.135742 0.105631
0 0.880615 0.500000 0.142090 0.112296
0 0.696777 0.507498 0.227539 0.091303
0 0.516113 0.501666 0.136719 0.106964
0 0.372559 0.500167 0.137695 0.110630
0 0.806396 0.293735 0.137207 0.128291
0 0.326416 0.320227 0.269043 0.251250
0 0.773926 0.090137 0.139648 0.130956
0 0.578369 0.096634 0.258301 0.115961
0 0.309814 0.096468 0.272949 0.114295
