0 0.703857 0.916028 0.416504 0.106631
0 0.260010 0.917028 0.416504 0.102632
0 0.872803 0.772576 0.169434 0.182939
0 0.654297 0.806898 0.226562 0.115628
0 0.406006 0.799567 0.250488 0.130956
0 0.158447 0.769410 0.213379 0.191936
0 0.762939 0.566311 0.216309 0.194935
0 0.477539 0.588970 0.283203 0.149617
0 0.188232 0.588804 0.282715 0.148617
0 0.906006 0.401033 0.138184 0.116295
0 0.759766 0.402199 0.140625 0.113296
0 0.612305 0.402033 0.139648 0.116295
0 0.450928 0.401033 0.138184 0.115628
0 0.282715 0.402532 0.139648 0.114628
0 0.121094 0.402199 0.139648 0.113962
0 0.588867 0.287238 0.398438 0.114628
0 0.298340 0.287071 0.140625 0.114295
0 0.141113 0.285905 0.140625 0.116628
0 0.881104 0.093469 0.207520 0.117627
0 0.642578 0.094302 0.266602 0.117961
0 0.368408 0.094302 0.268066 0.114628
