0 0.872314 0.811896 0.185059 0.096968
0 0.687012 0.811063 0.185547 0.095968
0 0.497803 0.810896 0.185059 0.096301
0 0.309326 0.810563 0.184082 0.095635
0 0.118652 0.810896 0.186523 0.096301
0 0.835205 0.720427 0.175293 0.076641
0 0.654785 0.719260 0.174805 0.075641
0 0.474121 0.720427 0.173828 0.075308
0 0.290283 0.719927 0.174316 0.074309
0 0.108398 0.719760 0.172852 0.073975
0 0.734619 0.609630 0.133301 0.096968
0 0.599121 0.609297 0.132812 0.096301
0 0.465820 0.607298 0.135742 0.098967
0 0.324951 0.608297 0.133301 0.097634
0 0.134277 0.600300 0.229492 0.112962
0 0.870605 0.505665 0.132812 0.099633
0 0.732666 0.504499 0.134277 0.097301
0 0.599121 0.504998 0.132812 0.098301
0 0.464355 0.504499 0.132812 0.097301
0 0.328857 0.504665 0.133301 0.097634
0 0.700195 0.399700 0.227539 0.110297
0 0.502686 0.372709 0.145996 0.163612
0 0.339600 0.375541 0.168457 0.154615
0 0.134766 0.397368 0.231445 0.111629
0 0.753418 0.301066 0.323242 0.091636
0 0.894287 0.208431 0.137207 0.091636
0 0.755371 0.203266 0.131836 0.103965
0 0.622803 0.202766 0.130371 0.104965
0 0.489990 0.202766 0.131348 0.104299
0 0.355713 0.202766 0.131348 0.102966
0 0.222168 0.202099 0.130859 0.103632
0 0.087891 0.201599 0.132812 0.103299
0 0.782471 0.092303 0.146973 0.121293
0 0.589355 0.095635 0.228516 0.111963
0 0.356934 0.095468 0.231445 0.113629
0 0.128662 0.081473 0.215332 0.140287
