0 0.879883 0.926191 0.166016 0.098967
0 0.714111 0.926358 0.165527 0.095302
0 0.551270 0.926025 0.163086 0.095968
0 0.386963 0.926691 0.163574 0.095968
0 0.220703 0.925858 0.168945 0.096301
0 0.871582 0.820726 0.169922 0.097301
0 0.666016 0.819060 0.227539 0.097967
0 0.461426 0.821060 0.169922 0.095968
0 0.289307 0.821226 0.167480 0.095635
0 0.119141 0.819227 0.166016 0.095635
0 0.863037 0.719927 0.169434 0.096301
0 0.680664 0.717927 0.168945 0.096968
0 0.497314 0.717761 0.167480 0.095968
0 0.314941 0.718760 0.171875 0.095968
0 0.131104 0.719427 0.168457 0.094635
0 0.773682 0.591803 0.286621 0.149950
0 0.473389 0.590636 0.283691 0.150283
0 0.182617 0.592303 0.284180 0.150950
0 0.704102 0.415528 0.226562 0.095968
0 0.454102 0.414195 0.209961 0.095968
0 0.204102 0.412363 0.282227 0.100966
0 0.806396 0.313229 0.284668 0.100633
0 0.568848 0.315395 0.167969 0.095635
0 0.424316 0.312562 0.124023 0.098634
0 0.298096 0.315062 0.121582 0.094968
0 0.143066 0.315561 0.169922 0.095968
0 0.813965 0.204432 0.145508 0.114962
0 0.628174 0.213595 0.167480 0.091969
0 0.432861 0.202266 0.207520 0.117294
0 0.192627 0.203599 0.270996 0.113296
0 0.725342 0.091470 0.283691 0.110963
0 0.447510 0.073809 0.267090 0.144952
0 0.180908 0.076475 0.270996 0.142952
