0 0.508545 0.929024 0.137207 0.080640
0 0.368652 0.929024 0.138672 0.078640
0 0.222412 0.929857 0.137207 0.077641
0 0.082520 0.928857 0.136719 0.079640
0 0.790283 0.825558 0.139160 0.080307
0 0.650635 0.825058 0.137207 0.079307
0 0.510010 0.825725 0.140137 0.078640
0 0.367676 0.825558 0.136719 0.078974
0 0.225098 0.826225 0.137695 0.079640
0 0.084473 0.826225 0.138672 0.078974
0 0.826416 0.614628 0.130371 0.098301
0 0.682373 0.614628 0.130371 0.098301
0 0.515869 0.615462 0.184082 0.095302
0 0.354004 0.613462 0.128906 0.101300
0 0.149414 0.624459 0.266602 0.080640
0 0.852051 0.517661 0.140625 0.078307
0 0.707275 0.508830 0.139160 0.105298
0 0.546875 0.513662 0.160156 0.093635
0 0.384033 0.514495 0.156738 0.091303
0 0.233154 0.519327 0.137207 0.081639
0 0.089111 0.516161 0.145020 0.089970
0 0.813232 0.412529 0.107910 0.089970
0 0.700439 0.409863 0.111816 0.093302
0 0.575439 0.423859 0.154785 0.075975
0 0.421387 0.423192 0.158203 0.075975
0 0.260010 0.423525 0.154785 0.077308
0 0.097656 0.422526 0.156250 0.075308
0 0.718750 0.305398 0.213867 0.110297
0 0.413086 0.290070 0.166016 0.144285
0 0.235107 0.297567 0.144043 0.124625
0 0.087402 0.297734 0.145508 0.126958
0 0.715088 0.138787 0.208496 0.218927
0 0.480957 0.095968 0.148438 0.124625
0 0.321777 0.086138 0.165039 0.144285
