0 0.736328 0.928357 0.141602 0.083972
0 0.554932 0.920860 0.217285 0.100966
0 0.385010 0.925025 0.119629 0.094635
0 0.241455 0.922692 0.159668 0.095968
0 0.097900 0.922193 0.120605 0.096968
0 0.864258 0.811563 0.139648 0.112296
0 0.711670 0.824392 0.138184 0.082639
0 0.573486 0.824892 0.139160 0.081639
0 0.416016 0.818227 0.160156 0.096968
0 0.501953 0.685438 0.227539 0.158614
0 0.252930 0.684772 0.228516 0.156614
0 0.755859 0.490670 0.265625 0.140287
0 0.482422 0.491503 0.266602 0.139953
0 0.770996 0.302233 0.205078 0.121959
0 0.562500 0.301899 0.200195 0.118627
0 0.352783 0.301233 0.201660 0.117961
0 0.151123 0.282073 0.194824 0.156948
0 0.819824 0.099467 0.137695 0.112296
0 0.683594 0.099800 0.132812 0.110297
0 0.547607 0.091136 0.154785 0.128957
0 0.388184 0.093969 0.155273 0.123292
0 0.233398 0.092969 0.153320 0.123959
