0 0.926270 0.921693 0.121094 0.097967
0 0.808838 0.923026 0.117676 0.095302
0 0.693848 0.924192 0.117188 0.096968
0 0.578613 0.922526 0.116211 0.096301
0 0.461914 0.924192 0.113281 0.096968
0 0.345947 0.924525 0.115723 0.096968
0 0.226318 0.924525 0.115723 0.095635
0 0.105469 0.925025 0.116211 0.095968
0 0.907959 0.818394 0.116699 0.097301
0 0.793701 0.817561 0.114746 0.100300
0 0.680664 0.819560 0.114258 0.094968
0 0.565918 0.817727 0.116211 0.097967
0 0.451904 0.817727 0.114746 0.099967
0 0.336914 0.817561 0.114258 0.098967
0 0.222900 0.818560 0.113770 0.100966
0 0.101562 0.818727 0.128906 0.097967
0 0.858154 0.719927 0.117676 0.092303
0 0.742676 0.716428 0.123047 0.099967
0 0.626465 0.715928 0.111328 0.098967
0 0.512207 0.716594 0.113281 0.100300
0 0.397461 0.717927 0.116211 0.096301
0 0.264404 0.726425 0.143066 0.079307
0 0.114502 0.726758 0.146973 0.079973
0 0.769775 0.511829 0.260254 0.101966
0 0.494873 0.510330 0.260254 0.104965
0 0.194092 0.510330 0.310059 0.104299
0 0.849854 0.624792 0.142090 0.078640
0 0.704102 0.625125 0.145508 0.079307
0 0.560547 0.625292 0.142578 0.077641
0 0.417236 0.625125 0.144043 0.079307
0 0.267334 0.626291 0.144043 0.080973
0 0.114746 0.626291 0.144531 0.080973
0 0.899170 0.411863 0.114746 0.098634
0 0.785889 0.413029 0.114746 0.099633
0 0.667480 0.413529 0.113281 0.098634
0 0.551025 0.414362 0.115723 0.098301
0 0.417236 0.424359 0.144043 0.078307
0 0.268555 0.424858 0.145508 0.077308
0 0.116943 0.424359 0.144043 0.076974
0 0.833496 0.322892 0.144531 0.079307
0 0.621094 0.323392 0.273438 0.078974
0 0.412842 0.323059 0.137207 0.079640
0 0.268799 0.324725 0.144043 0.080307
0 0.118408 0.325392 0.145020 0.079640
0 0.873535 0.209763 0.123047 0.099633
0 0.749268 0.211929 0.122559 0.101300
0 0.625488 0.210930 0.119141 0.101966
0 0.501953 0.210596 0.121094 0.104632
0 0.376465 0.212096 0.120117 0.098967
0 0.250244 0.210930 0.129395 0.103299
0 0.122070 0.210930 0.130859 0.103965
0 0.843994 0.099467 0.249512 0.121626
0 0.626953 0.092469 0.145508 0.137621
0 0.475098 0.090803 0.144531 0.136954
0 0.326904 0.089970 0.149902 0.137954
