0 0.816895 0.910363 0.202148 0.097967
0 0.583008 0.911363 0.219727 0.095968
0 0.360352 0.911030 0.219727 0.097301
0 0.137207 0.910030 0.222656 0.096634
0 0.795898 0.806898 0.221680 0.098301
0 0.543701 0.805398 0.202637 0.103299
0 0.344971 0.802566 0.173340 0.102299
0 0.138916 0.804565 0.222168 0.095635
0 0.819824 0.704765 0.221680 0.099300
0 0.592041 0.704765 0.220215 0.096634
0 0.369141 0.704099 0.220703 0.097967
0 0.141357 0.703432 0.218262 0.097967
0 0.895752 0.603965 0.114746 0.102299
0 0.754883 0.613296 0.143555 0.078974
0 0.615479 0.602966 0.115723 0.098301
0 0.497070 0.603632 0.114258 0.098967
0 0.365234 0.612296 0.145508 0.080973
0 0.233887 0.602466 0.118164 0.099300
0 0.098145 0.611629 0.143555 0.080307
0 0.798584 0.509830 0.144043 0.082639
0 0.640869 0.509997 0.144043 0.080307
0 0.501465 0.500167 0.117188 0.099967
0 0.381348 0.498667 0.117188 0.101633
0 0.243896 0.508331 0.145020 0.079640
0 0.094971 0.507831 0.142090 0.080640
0 0.799561 0.412029 0.145996 0.078307
0 0.628662 0.406531 0.177246 0.089304
0 0.444824 0.405198 0.175781 0.091303
0 0.267334 0.403865 0.180176 0.088637
0 0.096924 0.409530 0.145020 0.079307
0 0.870361 0.312396 0.146973 0.080973
0 0.715088 0.312396 0.146973 0.080973
0 0.562256 0.311729 0.147949 0.078307
0 0.410645 0.311063 0.141602 0.081639
0 0.249512 0.310063 0.147461 0.081639
0 0.095215 0.309563 0.148438 0.082639
0 0.889648 0.209597 0.143555 0.081306
0 0.747070 0.209930 0.139648 0.079307
0 0.607666 0.209264 0.142090 0.081973
0 0.465088 0.207431 0.142090 0.079640
0 0.335205 0.201433 0.114746 0.095635
0 0.219238 0.200933 0.114258 0.094635
0 0.090088 0.207764 0.142090 0.078974
0 0.808350 0.088637 0.175293 0.121293
0 0.638184 0.088471 0.151367 0.122959
0 0.463867 0.088637 0.173828 0.120626
0 0.285889 0.084805 0.174316 0.124958
0 0.105957 0.086471 0.173828 0.120960
