0 0.867920 0.908864 0.231934 0.101633
0 0.626953 0.909364 0.231445 0.101966
0 0.396240 0.909364 0.229980 0.100633
0 0.164062 0.908530 0.231445 0.101633
0 0.157227 0.804065 0.221680 0.103965
0 0.361328 0.806231 0.175781 0.100300
0 0.538330 0.806564 0.175293 0.098967
0 0.754639 0.804565 0.232910 0.101633
0 0.901123 0.685605 0.163574 0.135621
0 0.745605 0.693935 0.148438 0.119627
0 0.551758 0.702766 0.231445 0.101300
0 0.316406 0.702932 0.232422 0.100966
0 0.261719 0.581973 0.141602 0.142952
0 0.108398 0.582639 0.139648 0.143619
0 0.218994 0.397368 0.300293 0.104965
0 0.498535 0.396201 0.305664 0.106631
0 0.843506 0.401866 0.210449 0.095302
0 0.841064 0.302233 0.208496 0.093969
0 0.618408 0.302566 0.211426 0.095302
0 0.351562 0.302399 0.208984 0.094302
0 0.849365 0.140620 0.216309 0.213929
0 0.661621 0.206598 0.108398 0.079973
0 0.544189 0.207264 0.109863 0.080640
0 0.434326 0.206598 0.107910 0.081306
0 0.324707 0.207431 0.108398 0.081639
0 0.212158 0.207431 0.108887 0.081639
0 0.093506 0.208930 0.111816 0.080640
0 0.645020 0.101966 0.114258 0.083972
0 0.456055 0.087637 0.248047 0.110630
