0 0.828369 0.919027 0.219238 0.101300
0 0.603271 0.920860 0.176270 0.099633
0 0.421631 0.921193 0.177246 0.100300
0 0.195068 0.919194 0.253418 0.102966
0 0.853760 0.805731 0.145996 0.121959
0 0.703613 0.806065 0.146484 0.121293
0 0.550293 0.806398 0.143555 0.121293
0 0.407227 0.806898 0.144531 0.120293
0 0.190918 0.806231 0.281250 0.118960
0 0.853760 0.675775 0.144043 0.137288
0 0.625488 0.613795 0.222656 0.099300
0 0.408447 0.613296 0.200684 0.100300
0 0.180420 0.612296 0.250488 0.102299
0 0.855469 0.508331 0.250000 0.101633
0 0.600098 0.508830 0.252930 0.101966
0 0.375244 0.511163 0.198730 0.099967
0 0.160889 0.511829 0.218262 0.097967
0 0.921631 0.403865 0.127441 0.109297
0 0.759033 0.408530 0.197754 0.099967
0 0.547852 0.410530 0.197266 0.097967
0 0.348633 0.410696 0.197266 0.098301
0 0.147217 0.411696 0.200684 0.097634
0 0.740479 0.310397 0.221191 0.098301
0 0.516113 0.313895 0.221680 0.093969
0 0.317627 0.312396 0.176270 0.098967
0 0.136719 0.312229 0.176758 0.098634
0 0.854004 0.207764 0.175781 0.098967
0 0.669678 0.208431 0.175293 0.098301
0 0.490234 0.208764 0.172852 0.097634
0 0.315430 0.209763 0.174805 0.098967
0 0.136230 0.209097 0.175781 0.098301
0 0.881104 0.103965 0.175293 0.098634
0 0.709961 0.093302 0.144531 0.121293
0 0.567139 0.093635 0.128418 0.120626
0 0.435547 0.095135 0.130859 0.119627
0 0.304932 0.094302 0.129395 0.119294
0 0.175537 0.093802 0.134277 0.120293
