0 0.848877 0.896868 0.146973 0.138287
0 0.687256 0.889870 0.144043 0.150283
0 0.546387 0.890370 0.138672 0.149284
0 0.399902 0.889204 0.146484 0.152949
0 0.241455 0.888704 0.143066 0.153949
0 0.092041 0.896868 0.147949 0.136288
0 0.863770 0.682273 0.145508 0.151616
0 0.717041 0.682772 0.136230 0.151283
0 0.556152 0.672443 0.175781 0.171276
0 0.392334 0.684439 0.145020 0.149950
0 0.241943 0.682439 0.146973 0.152616
0 0.094727 0.684605 0.146484 0.152283
0 0.873779 0.486504 0.142090 0.137954
0 0.723145 0.478507 0.146484 0.151949
0 0.566895 0.469010 0.154297 0.170277
0 0.408447 0.468177 0.151855 0.177274
0 0.252441 0.469177 0.148438 0.172609
0 0.094971 0.468510 0.153809 0.171943
0 0.832764 0.295735 0.146973 0.118960
0 0.683105 0.295568 0.148438 0.119294
0 0.534912 0.295235 0.151855 0.119960
0 0.385010 0.296235 0.146973 0.117961
0 0.238281 0.296068 0.146484 0.117627
0 0.086426 0.296068 0.153320 0.120293
0 0.826416 0.079973 0.143066 0.136621
0 0.685303 0.086638 0.145020 0.121293
0 0.537842 0.088804 0.147949 0.118960
0 0.388184 0.088804 0.148438 0.120960
0 0.238281 0.089637 0.149414 0.121293
0 0.088135 0.088804 0.150879 0.120960
