0 0.920654 0.897534 0.145996 0.136954
0 0.775391 0.898034 0.142578 0.135288
0 0.595459 0.895035 0.205566 0.143286
0 0.373291 0.895202 0.207520 0.140953
0 0.155029 0.896701 0.207520 0.141953
0 0.921875 0.691436 0.148438 0.138620
0 0.748779 0.688604 0.201660 0.142286
0 0.544434 0.689437 0.203125 0.143286
0 0.343018 0.690603 0.201660 0.142286
0 0.139160 0.691436 0.206055 0.141286
0 0.911621 0.481673 0.146484 0.152949
0 0.768066 0.481340 0.143555 0.152283
0 0.623535 0.481340 0.148438 0.152283
0 0.419678 0.497168 0.250488 0.122626
0 0.168945 0.497168 0.253906 0.120626
0 0.895020 0.281906 0.148438 0.153282
0 0.683350 0.297734 0.251465 0.120293
0 0.428223 0.299067 0.249023 0.119627
0 0.173584 0.297901 0.253418 0.121293
0 0.909668 0.086971 0.141602 0.137954
0 0.766602 0.088637 0.144531 0.136621
0 0.619141 0.087971 0.145508 0.137954
0 0.475098 0.087637 0.145508 0.140620
0 0.330322 0.085305 0.144043 0.141286
0 0.180664 0.088137 0.153320 0.137621
