0 0.343018 0.919860 0.205566 0.104965
0 0.121582 0.924525 0.216797 0.096301
0 0.895752 0.803899 0.140137 0.132289
0 0.736572 0.777741 0.177246 0.181939
0 0.561523 0.774575 0.160156 0.186938
0 0.397461 0.781073 0.158203 0.171276
0 0.244141 0.788071 0.149414 0.156614
0 0.091309 0.788404 0.150391 0.158614
0 0.820557 0.580973 0.189941 0.170943
0 0.630859 0.592303 0.175781 0.153615
0 0.403809 0.599633 0.268555 0.132956
0 0.144531 0.603799 0.240234 0.124625
0 0.269531 0.398201 0.138672 0.133955
0 0.488037 0.214762 0.304199 0.098301
0 0.179199 0.213429 0.303711 0.096968
0 0.832031 0.115462 0.103516 0.093635
0 0.725342 0.112962 0.103027 0.096634
0 0.620605 0.112296 0.106445 0.097967
0 0.371582 0.111130 0.383789 0.097634
