0 0.595459 0.676108 0.301270 0.197934
0 0.460449 0.927191 0.119141 0.101633
0 0.312744 0.906031 0.138184 0.146618
0 0.852783 0.665112 0.213379 0.215262
0 0.123047 0.724592 0.158203 0.090303
0 0.379883 0.615462 0.131836 0.111296
0 0.239502 0.616128 0.135254 0.109963
0 0.083984 0.625791 0.158203 0.093969
0 0.500244 0.207098 0.339355 0.115628
0 0.181885 0.208097 0.327637 0.111629
0 0.777832 0.412529 0.208984 0.108630
0 0.559570 0.411863 0.208984 0.109297
0 0.350098 0.411030 0.209961 0.110963
0 0.138184 0.412529 0.210938 0.109963
0 0.777100 0.313895 0.213379 0.091303
0 0.564209 0.315228 0.208496 0.089304
0 0.349121 0.310896 0.209961 0.089304
0 0.134033 0.314229 0.209473 0.090636
0 0.771729 0.211430 0.211426 0.106964
0 0.766113 0.105965 0.209961 0.109297
0 0.582031 0.085638 0.156250 0.144618
0 0.419922 0.087637 0.155273 0.143286
0 0.260010 0.087637 0.158691 0.143286
0 0.100830 0.088637 0.159668 0.140620
