0 0.662109 0.923692 0.207031 0.087971
0 0.470947 0.923359 0.155762 0.086638
0 0.313477 0.923359 0.152344 0.089304
0 0.140869 0.922193 0.174316 0.094302
0 0.910645 0.814562 0.172852 0.094968
0 0.734375 0.815728 0.176758 0.094635
0 0.538818 0.810063 0.204590 0.105965
0 0.335205 0.811729 0.204590 0.104632
0 0.140869 0.815561 0.178223 0.098301
0 0.855713 0.711763 0.174316 0.098634
0 0.676758 0.710263 0.167969 0.101633
0 0.498047 0.710430 0.175781 0.093969
0 0.319336 0.712762 0.175781 0.093969
0 0.138428 0.715595 0.176270 0.094968
0 0.835938 0.613296 0.176758 0.093635
0 0.654297 0.610463 0.170898 0.101300
0 0.483887 0.610630 0.168945 0.100966
0 0.314209 0.610796 0.170410 0.101966
0 0.137939 0.611629 0.172363 0.100966
0 0.750977 0.503999 0.264648 0.107631
0 0.508545 0.503832 0.193848 0.107964
0 0.300537 0.504998 0.210449 0.106964
0 0.904785 0.375541 0.158203 0.146618
0 0.740967 0.384872 0.161621 0.133289
0 0.586426 0.390370 0.138672 0.122293
0 0.445557 0.390370 0.139160 0.120960
0 0.119385 0.515661 0.109863 0.086971
0 0.120361 0.415861 0.113770 0.087971
0 0.300537 0.390536 0.150879 0.127957
0 0.798340 0.195935 0.143555 0.121959
0 0.659912 0.219260 0.127441 0.076641
0 0.382080 0.107631 0.176270 0.099300
