0 0.721924 0.893535 0.261230 0.146285
0 0.440186 0.892869 0.260254 0.147617
0 0.158691 0.894535 0.261719 0.146951
0 0.749512 0.687438 0.260742 0.143952
0 0.437012 0.690437 0.260742 0.139953
0 0.143066 0.648451 0.204102 0.222592
0 0.832764 0.467011 0.208496 0.179607
0 0.587891 0.484339 0.261719 0.143619
0 0.348145 0.466345 0.208008 0.181606
0 0.866699 0.296401 0.140625 0.120293
0 0.721436 0.296401 0.137207 0.122293
0 0.535889 0.297567 0.201660 0.120626
0 0.326416 0.298900 0.202637 0.121959
0 0.119629 0.298567 0.201172 0.119960
0 0.819092 0.084638 0.154785 0.139953
0 0.666992 0.082806 0.154297 0.142286
0 0.502441 0.091969 0.186523 0.123292
0 0.313232 0.093302 0.187988 0.126624
0 0.125977 0.094635 0.187500 0.122626
