0 0.448242 0.922692 0.223633 0.105298
0 0.853760 0.873709 0.227051 0.204598
0 0.580078 0.811729 0.112305 0.111296
0 0.315918 0.821060 0.121094 0.097967
0 0.377441 0.677941 0.208984 0.180940
0 0.152100 0.677607 0.210449 0.183605
0 0.669678 0.474842 0.207520 0.181939
0 0.451416 0.475508 0.211426 0.181939
0 0.207764 0.492836 0.267090 0.145285
0 0.791504 0.294902 0.265625 0.141953
0 0.479248 0.293735 0.266113 0.138287
0 0.193848 0.292569 0.261719 0.143286
0 0.750244 0.085638 0.266113 0.144618
0 0.471924 0.087138 0.262207 0.139620
0 0.192383 0.088471 0.261719 0.140953
