0 0.876953 0.909697 0.161133 0.089970
0 0.708984 0.910197 0.161133 0.088970
0 0.544434 0.910030 0.159180 0.087304
0 0.346680 0.909197 0.211914 0.088970
0 0.125977 0.910197 0.215820 0.088970
0 0.853027 0.777074 0.131836 0.147284
0 0.711426 0.778740 0.127930 0.147284
0 0.577148 0.775741 0.127930 0.146618
0 0.427246 0.776574 0.130859 0.144952
0 0.268311 0.766078 0.160645 0.170610
0 0.101318 0.766078 0.159668 0.170610
0 0.536621 0.565978 0.256836 0.176275
0 0.431885 0.447851 0.302246 0.207264
0 0.799805 0.458847 0.313477 0.170610
0 0.701904 0.603299 0.081543 0.088970
0 0.349609 0.604132 0.111328 0.089304
0 0.212158 0.593969 0.129395 0.112296
0 0.077393 0.593136 0.129395 0.111963
0 0.211670 0.484005 0.132324 0.111629
0 0.076904 0.484005 0.131348 0.108964
0 0.790039 0.294402 0.200195 0.104965
0 0.595215 0.303232 0.159180 0.087304
0 0.433350 0.302566 0.161621 0.087971
0 0.268066 0.303066 0.162109 0.089637
0 0.103271 0.301733 0.161621 0.091636
0 0.728027 0.198767 0.314453 0.088304
0 0.483398 0.200933 0.158203 0.087971
0 0.316895 0.200433 0.161133 0.087637
0 0.125732 0.200267 0.213379 0.089304
0 0.741455 0.088137 0.129395 0.109630
0 0.610840 0.087804 0.128906 0.110297
0 0.479492 0.088471 0.128906 0.110297
0 0.345215 0.088637 0.130859 0.108630
0 0.210449 0.089137 0.128906 0.108964
0 0.080811 0.091470 0.128418 0.104299
