0 0.876709 0.921360 0.200684 0.104632
0 0.670898 0.921193 0.201172 0.102299
0 0.470215 0.922692 0.202148 0.104632
0 0.316162 0.930856 0.107910 0.090970
0 0.207031 0.930190 0.110352 0.089637
0 0.097168 0.929523 0.111328 0.088304
0 0.868408 0.813729 0.133301 0.109963
0 0.673096 0.813229 0.247559 0.110297
0 0.361816 0.812562 0.366211 0.111629
0 0.114014 0.814395 0.133301 0.110630
0 0.803955 0.713429 0.164551 0.085971
0 0.638184 0.714095 0.161133 0.085305
0 0.472168 0.713762 0.160156 0.085971
0 0.308350 0.712596 0.161621 0.088304
0 0.145264 0.714928 0.163574 0.088304
0 0.907471 0.595468 0.128418 0.146618
0 0.775391 0.611796 0.131836 0.109297
0 0.641113 0.612796 0.129883 0.108630
0 0.503174 0.612296 0.132324 0.109630
0 0.369385 0.612129 0.130371 0.112629
0 0.169678 0.611963 0.246582 0.112296
0 0.654053 0.513329 0.163574 0.088304
0 0.492432 0.512496 0.159668 0.089970
0 0.351562 0.511829 0.112305 0.089304
0 0.238281 0.513829 0.109375 0.089304
0 0.125244 0.511663 0.112793 0.090303
0 0.891846 0.419360 0.162598 0.091636
0 0.668457 0.408864 0.250000 0.112629
0 0.406494 0.409530 0.246582 0.109297
0 0.168701 0.409197 0.200684 0.108630
0 0.918701 0.320393 0.159668 0.087637
0 0.748779 0.308564 0.163574 0.089970
0 0.578857 0.308730 0.168457 0.093635
0 0.419189 0.312063 0.158691 0.087637
0 0.256836 0.312063 0.161133 0.086305
0 0.105469 0.317061 0.131836 0.075641
0 0.915283 0.219427 0.159668 0.087637
0 0.713623 0.206931 0.250488 0.109963
0 0.466064 0.207431 0.246582 0.109630
0 0.222900 0.206764 0.248535 0.109630
0 0.919189 0.084472 0.132324 0.145618
0 0.778320 0.081140 0.129883 0.145618
0 0.555908 0.083472 0.299316 0.136954
0 0.259766 0.084139 0.296875 0.136954
