0 0.883789 0.920860 0.161133 0.088304
0 0.644775 0.920526 0.312988 0.090303
0 0.406494 0.920860 0.162598 0.090303
0 0.247070 0.922193 0.158203 0.088970
0 0.086670 0.922859 0.160645 0.086305
0 0.887451 0.817228 0.159668 0.086305
0 0.726562 0.818061 0.155273 0.087304
0 0.567871 0.818227 0.159180 0.085638
0 0.411133 0.817894 0.159180 0.086971
0 0.247070 0.818727 0.161133 0.087304
0 0.087158 0.818560 0.158691 0.088304
0 0.888428 0.704598 0.158691 0.106964
0 0.729248 0.714095 0.163574 0.090636
0 0.570312 0.714429 0.161133 0.087304
0 0.409180 0.715761 0.160156 0.087304
0 0.245361 0.715595 0.158691 0.088970
0 0.084717 0.716594 0.162598 0.087637
0 0.804199 0.607298 0.309570 0.086971
0 0.565430 0.614462 0.161133 0.089304
0 0.396729 0.615128 0.159668 0.086638
0 0.159180 0.615628 0.311523 0.088304
0 0.758545 0.511330 0.159668 0.086971
0 0.595947 0.511829 0.158691 0.085971
0 0.433594 0.511496 0.159180 0.087971
0 0.265137 0.510996 0.162109 0.088970
0 0.096191 0.512163 0.162109 0.089304
0 0.116455 0.411529 0.210449 0.089304
0 0.310059 0.410696 0.161133 0.090970
0 0.515381 0.411529 0.212402 0.085971
0 0.780762 0.369210 0.214844 0.169943
0 0.509766 0.301733 0.247070 0.108964
0 0.304443 0.311729 0.160645 0.086971
0 0.114014 0.305398 0.201660 0.102299
0 0.870117 0.198267 0.130859 0.110630
0 0.739258 0.197101 0.126953 0.109630
0 0.607422 0.193269 0.131836 0.108630
0 0.477295 0.191936 0.130371 0.109297
0 0.343994 0.194768 0.129395 0.108964
0 0.212402 0.198267 0.124023 0.111296
0 0.079346 0.198767 0.129395 0.110297
0 0.820312 0.087971 0.128906 0.109297
0 0.636475 0.084472 0.200684 0.105631
0 0.380371 0.085305 0.247070 0.109963
0 0.131104 0.089137 0.248535 0.109630
