0 0.788330 0.914029 0.128418 0.108630
0 0.631592 0.917361 0.135254 0.105965
0 0.500000 0.915028 0.127930 0.105965
0 0.369873 0.914528 0.125488 0.106964
0 0.241943 0.915195 0.124512 0.106298
0 0.107422 0.914362 0.127930 0.106631
0 0.924805 0.810896 0.127930 0.109630
0 0.792969 0.804565 0.128906 0.108964
0 0.658447 0.809563 0.130371 0.108964
0 0.529785 0.808897 0.128906 0.108964
0 0.394043 0.801400 0.138672 0.123292
0 0.256348 0.799900 0.137695 0.124958
0 0.114990 0.799567 0.138184 0.127624
0 0.912598 0.714762 0.129883 0.075975
0 0.782471 0.715095 0.130371 0.073975
0 0.654053 0.710763 0.109863 0.089304
0 0.529541 0.710263 0.112793 0.090303
0 0.396729 0.702433 0.130371 0.077308
0 0.246338 0.700100 0.130371 0.076641
0 0.842285 0.609797 0.134766 0.113962
0 0.665283 0.618294 0.210449 0.088304
0 0.369141 0.605965 0.370117 0.112962
0 0.115479 0.606631 0.130371 0.110297
0 0.892090 0.508664 0.158203 0.088304
0 0.705566 0.504832 0.185547 0.095968
0 0.513672 0.504499 0.186523 0.094635
0 0.327393 0.504165 0.183105 0.094635
0 0.139404 0.504499 0.187012 0.092636
0 0.894531 0.412363 0.190430 0.098301
0 0.704102 0.411196 0.187500 0.095302
0 0.513184 0.412696 0.185547 0.094302
0 0.327881 0.411196 0.187012 0.095302
0 0.142822 0.411196 0.186035 0.095302
0 0.627686 0.317394 0.162598 0.086971
0 0.456787 0.316061 0.161621 0.088970
0 0.293945 0.315395 0.161133 0.090303
0 0.131592 0.316728 0.162598 0.087637
0 0.809326 0.276908 0.168457 0.171943
0 0.633789 0.217261 0.166016 0.091303
0 0.465820 0.211430 0.160156 0.093635
0 0.302734 0.213929 0.160156 0.089304
0 0.143311 0.213096 0.162598 0.090303
0 0.892090 0.103466 0.133789 0.109630
0 0.742676 0.084972 0.135742 0.146618
0 0.605225 0.083639 0.131348 0.146618
0 0.471680 0.084638 0.132812 0.147951
0 0.323730 0.101966 0.133789 0.110630
0 0.184814 0.101300 0.130371 0.111963
