0 0.850342 0.911529 0.104980 0.100300
0 0.733398 0.913529 0.102539 0.095635
0 0.625732 0.913862 0.102051 0.096968
0 0.514648 0.913695 0.107422 0.095968
0 0.405518 0.914695 0.103027 0.095968
0 0.298096 0.914029 0.104004 0.097301
0 0.185547 0.914029 0.109375 0.098634
0 0.072021 0.915861 0.107910 0.095635
0 0.862061 0.781406 0.162598 0.153282
0 0.600342 0.787737 0.195801 0.135955
0 0.387939 0.790403 0.197754 0.134622
0 0.146484 0.792736 0.272461 0.134622
0 0.786621 0.595468 0.336914 0.117961
0 0.421143 0.595302 0.340332 0.117627
0 0.146973 0.589304 0.196289 0.138287
0 0.722900 0.386205 0.197754 0.134622
0 0.524414 0.385538 0.199219 0.137288
0 0.270752 0.386371 0.275879 0.134289
0 0.761475 0.159947 0.234863 0.177274
0 0.323242 0.206598 0.119141 0.092636
0 0.184082 0.206931 0.122070 0.093302
0 0.540527 0.109464 0.136719 0.084305
0 0.394043 0.105132 0.120117 0.092303
0 0.230225 0.103466 0.192871 0.095635
