0 0.881592 0.927191 0.103027 0.096968
0 0.748047 0.938021 0.141602 0.070643
0 0.595215 0.938021 0.140625 0.072642
0 0.455078 0.936355 0.140625 0.069310
0 0.331055 0.923859 0.106445 0.096968
0 0.204346 0.936021 0.138184 0.070643
0 0.081055 0.922859 0.103516 0.096968
0 0.882812 0.818227 0.210938 0.103632
0 0.664795 0.817061 0.208496 0.103965
0 0.414551 0.819394 0.286133 0.097301
0 0.160156 0.819727 0.194336 0.095302
0 0.871094 0.692602 0.160156 0.150950
0 0.704102 0.691603 0.161133 0.150950
0 0.506836 0.710930 0.219727 0.108297
0 0.310547 0.692269 0.153320 0.143619
0 0.143555 0.706098 0.172852 0.118627
0 0.895752 0.497168 0.147949 0.135288
0 0.748779 0.496834 0.140137 0.134622
0 0.598877 0.490170 0.149902 0.145951
0 0.377930 0.494169 0.270508 0.133289
0 0.146729 0.492836 0.193848 0.135288
0 0.856934 0.296901 0.267578 0.134622
0 0.590332 0.296235 0.266602 0.135288
0 0.359863 0.267911 0.195312 0.189270
0 0.160400 0.267078 0.196777 0.185605
0 0.904297 0.083306 0.158203 0.149950
0 0.744141 0.084805 0.153320 0.144285
0 0.525879 0.087971 0.270508 0.133289
0 0.250977 0.087471 0.273438 0.134289
