0 0.704834 0.823226 0.151855 0.091636
0 0.563232 0.815228 0.124512 0.105631
0 0.429688 0.815561 0.125977 0.102966
0 0.270508 0.817561 0.191406 0.095635
0 0.089844 0.820560 0.153320 0.087637
0 0.891602 0.712263 0.129883 0.105631
0 0.761963 0.720260 0.111816 0.087637
0 0.652588 0.719927 0.109863 0.088304
0 0.491943 0.717761 0.198730 0.092636
0 0.293701 0.719094 0.198730 0.086638
0 0.090576 0.719094 0.155762 0.090636
0 0.826172 0.608297 0.133789 0.104965
0 0.685059 0.611963 0.129883 0.105631
0 0.543213 0.611130 0.129395 0.105298
0 0.404541 0.612129 0.130371 0.105965
0 0.241699 0.613962 0.188477 0.096301
0 0.075195 0.612296 0.129883 0.105631
0 0.826416 0.504665 0.130371 0.104965
0 0.691650 0.507831 0.129395 0.104632
0 0.505371 0.510830 0.226562 0.099300
0 0.285400 0.514828 0.204590 0.091303
0 0.442139 0.412363 0.102051 0.096301
0 0.337158 0.412862 0.102051 0.095302
0 0.235107 0.413196 0.104004 0.095968
0 0.091309 0.424692 0.140625 0.071643
0 0.776855 0.306731 0.219727 0.110297
0 0.555664 0.309730 0.209961 0.103632
0 0.344971 0.309230 0.212402 0.102632
0 0.130859 0.306731 0.219727 0.110297
0 0.891357 0.217094 0.139160 0.068977
0 0.766846 0.207098 0.104980 0.093635
0 0.660889 0.206265 0.103027 0.095968
0 0.538574 0.217094 0.140625 0.071643
0 0.414795 0.206431 0.100098 0.099633
0 0.311035 0.206265 0.102539 0.094635
0 0.210938 0.206098 0.102539 0.095635
0 0.083496 0.214262 0.140625 0.070643
0 0.792236 0.099633 0.218262 0.108630
0 0.506836 0.094135 0.335938 0.118960
0 0.169922 0.094802 0.335938 0.117627
