0 0.465332 0.916528 0.208984 0.110963
0 0.272461 0.906698 0.137695 0.129290
0 0.121094 0.911363 0.151367 0.121959
0 0.731445 0.820726 0.165039 0.095968
0 0.571777 0.800400 0.142578 0.115295
0 0.421387 0.800900 0.142578 0.115628
0 0.276611 0.784572 0.146973 0.120293
0 0.123535 0.788570 0.146484 0.120293
0 0.752197 0.713929 0.224121 0.102299
0 0.757812 0.616128 0.193359 0.095302
0 0.557617 0.613296 0.200195 0.103632
0 0.336670 0.606298 0.233887 0.116295
0 0.130859 0.597634 0.171875 0.134955
0 0.924805 0.510996 0.126953 0.101633
0 0.792725 0.511829 0.127441 0.101300
0 0.642578 0.511996 0.123047 0.099633
0 0.509033 0.511496 0.126465 0.100633
0 0.848145 0.386538 0.159180 0.149284
0 0.683350 0.387704 0.160645 0.147617
0 0.499023 0.375875 0.204102 0.173276
0 0.331055 0.400866 0.128906 0.123959
0 0.157471 0.402366 0.208496 0.122293
0 0.878418 0.208264 0.187500 0.102632
0 0.695557 0.206098 0.182129 0.109630
0 0.493896 0.206265 0.211426 0.109297
0 0.299805 0.210763 0.169922 0.098967
0 0.128662 0.212263 0.169434 0.099300
0 0.921875 0.090803 0.137695 0.136954
0 0.778564 0.089803 0.136230 0.130290
0 0.637451 0.083139 0.134277 0.136954
0 0.489502 0.085805 0.139160 0.129623
0 0.335205 0.086804 0.130371 0.137621
0 0.190674 0.095135 0.139160 0.130290
