0 0.864502 0.913529 0.178223 0.096968
0 0.591553 0.914029 0.336426 0.093969
0 0.249756 0.915695 0.333496 0.095302
0 0.749512 0.810896 0.334961 0.092303
0 0.396240 0.810896 0.335449 0.094302
0 0.622559 0.701933 0.303711 0.107631
0 0.341553 0.705598 0.305176 0.108297
0 0.764893 0.599300 0.270020 0.111629
0 0.480957 0.598967 0.268555 0.112296
0 0.195068 0.600300 0.270996 0.112296
0 0.823242 0.398201 0.209961 0.109297
0 0.598877 0.399034 0.211426 0.108964
0 0.381592 0.399700 0.211426 0.108964
0 0.161865 0.400033 0.210449 0.109630
0 0.920654 0.281906 0.144043 0.117961
0 0.706543 0.285238 0.271484 0.111963
0 0.454590 0.266578 0.253906 0.151949
0 0.188477 0.287071 0.270508 0.114295
0 0.807861 0.093802 0.271973 0.114295
0 0.531982 0.093469 0.269043 0.114962
0 0.257812 0.095135 0.271484 0.113629
