0 0.680664 0.906365 0.333008 0.121293
0 0.361084 0.908530 0.330566 0.119627
0 0.811035 0.653449 0.326172 0.225925
0 0.114746 0.890037 0.175781 0.155948
0 0.825439 0.813062 0.229980 0.093969
0 0.514160 0.816228 0.229492 0.093635
0 0.541748 0.654115 0.211426 0.211929
0 0.321045 0.655615 0.214355 0.210930
0 0.116455 0.670110 0.193848 0.183272
0 0.814453 0.464512 0.163086 0.160613
0 0.604492 0.457181 0.198242 0.184605
0 0.388428 0.458181 0.207520 0.180606
0 0.141113 0.482173 0.272461 0.135288
0 0.698975 0.283905 0.262207 0.144618
0 0.431152 0.298401 0.271484 0.120293
0 0.152588 0.300566 0.270996 0.119294
0 0.720703 0.094802 0.272461 0.120960
0 0.440918 0.096468 0.270508 0.119627
0 0.161377 0.096468 0.272949 0.120960
