0 0.323730 0.916861 0.163086 0.092969
0 0.594482 0.795735 0.150879 0.128624
0 0.438965 0.795901 0.149414 0.128291
0 0.282715 0.788904 0.157227 0.138287
0 0.119385 0.781240 0.158691 0.153615
0 0.852051 0.609297 0.209961 0.096968
0 0.674805 0.605965 0.132812 0.106298
0 0.552490 0.612962 0.112793 0.090303
0 0.402100 0.606465 0.172363 0.099967
0 0.252441 0.608964 0.118164 0.095635
0 0.584473 0.509663 0.210938 0.088970
0 0.365234 0.506998 0.202148 0.092303
0 0.810059 0.406198 0.199219 0.096634
0 0.589844 0.406198 0.200195 0.097301
0 0.813721 0.305065 0.203613 0.096968
0 0.593750 0.306065 0.200195 0.096968
0 0.378662 0.347218 0.214355 0.213929
0 0.149170 0.346551 0.212402 0.213929
0 0.822021 0.203266 0.201660 0.095968
0 0.594238 0.136621 0.214844 0.215928
0 0.379150 0.135288 0.213379 0.213262
0 0.152832 0.134788 0.212891 0.210263
