0 0.803223 0.894200 0.214844 0.102722
0 0.578125 0.893552 0.215820 0.102722
0 0.354248 0.891607 0.217285 0.102722
0 0.128906 0.891931 0.214844 0.100130
0 0.130127 0.790019 0.215332 0.099806
0 0.354004 0.790668 0.217773 0.097213
0 0.580811 0.790019 0.215332 0.101750
0 0.806152 0.790830 0.214844 0.100130
0 0.803467 0.691348 0.214355 0.100778
0 0.580078 0.690700 0.212891 0.100130
0 0.357910 0.690700 0.214844 0.100130
0 0.129150 0.688756 0.214355 0.101426
0 0.131836 0.592353 0.214844 0.092029
0 0.356201 0.589760 0.212402 0.101102
0 0.578369 0.590732 0.214355 0.100454
0 0.801758 0.591542 0.216797 0.100130
0 0.794189 0.490117 0.218262 0.101426
0 0.572754 0.494491 0.213867 0.087492
0 0.353516 0.495139 0.214844 0.088140
0 0.132568 0.494167 0.221191 0.089436
0 0.121582 0.390797 0.215820 0.102398
0 0.342529 0.390959 0.218262 0.102074
0 0.561768 0.398088 0.215332 0.090408
0 0.791992 0.395010 0.212891 0.086844
0 0.839844 0.300065 0.216797 0.090084
0 0.648438 0.299417 0.156250 0.090084
0 0.459473 0.296014 0.216797 0.088464
0 0.239258 0.295528 0.212891 0.087492
0 0.073242 0.295690 0.115234 0.087816
0 0.084473 0.205120 0.135742 0.074530
0 0.223145 0.204958 0.134766 0.074854
0 0.358154 0.199773 0.119629 0.089112
0 0.471436 0.198963 0.115723 0.089436
0 0.584961 0.199125 0.118164 0.088464
0 0.703125 0.201069 0.111328 0.084576
0 0.853516 0.194913 0.175781 0.102074
0 0.854980 0.092353 0.115234 0.104990
0 0.741943 0.091542 0.115723 0.104666
0 0.612305 0.093811 0.134766 0.101426
0 0.476807 0.093811 0.133301 0.101426
0 0.342285 0.094135 0.132812 0.099482
