0 0.911865 0.887586 0.136230 0.112089
0 0.778564 0.888400 0.134277 0.114370
0 0.627197 0.894754 0.169434 0.099707
0 0.460449 0.894428 0.167969 0.099055
0 0.291504 0.896383 0.166992 0.096448
0 0.121338 0.897361 0.169434 0.096448
0 0.905273 0.749430 0.164062 0.163571
0 0.744141 0.754806 0.149414 0.155425
0 0.598145 0.763604 0.146484 0.152819
0 0.437988 0.763278 0.170898 0.155425
0 0.275879 0.762952 0.148438 0.158032
0 0.114014 0.771424 0.168457 0.139133
0 0.903564 0.570544 0.170410 0.143369
0 0.728760 0.569241 0.170410 0.142066
0 0.554932 0.564027 0.174316 0.156403
0 0.335205 0.559303 0.270020 0.165200
0 0.108887 0.565331 0.172852 0.155751
0 0.907715 0.385793 0.147461 0.114695
0 0.768311 0.383350 0.133301 0.115021
0 0.625977 0.384653 0.146484 0.112414
0 0.488770 0.384327 0.132812 0.112414
0 0.349121 0.385956 0.144531 0.111763
0 0.569580 0.286413 0.254395 0.080808
0 0.198975 0.285435 0.234863 0.086022
0 0.731445 0.193874 0.198242 0.098403
0 0.531982 0.193060 0.196777 0.096774
0 0.330566 0.193711 0.199219 0.096774
0 0.128174 0.193711 0.199707 0.097426
0 0.871338 0.082763 0.144043 0.114044
0 0.707764 0.083741 0.164551 0.109482
0 0.537842 0.083089 0.174316 0.110785
0 0.281982 0.070707 0.324707 0.141414
0 0.214111 0.385142 0.126465 0.113392
0 0.087891 0.385468 0.127930 0.110785
