0 0.894775 0.889703 0.133301 0.105246
0 0.759033 0.889052 0.130371 0.103943
0 0.629639 0.889052 0.128418 0.102639
0 0.501953 0.889541 0.129883 0.102965
0 0.370361 0.890355 0.129395 0.103291
0 0.238037 0.890029 0.130371 0.102639
0 0.103760 0.890844 0.130371 0.102965
0 0.899902 0.788205 0.129883 0.101662
0 0.767090 0.787064 0.133789 0.101336
0 0.630859 0.786575 0.130859 0.101662
0 0.497070 0.787716 0.129883 0.101988
0 0.367676 0.787064 0.129883 0.102639
0 0.233887 0.788205 0.130859 0.101662
0 0.102051 0.787716 0.131836 0.101988
0 0.894043 0.694363 0.114258 0.085370
0 0.770996 0.693548 0.112305 0.086347
0 0.656982 0.694852 0.112793 0.085044
0 0.543945 0.695015 0.112305 0.086022
0 0.426514 0.694363 0.111816 0.085370
0 0.314453 0.695341 0.111328 0.084066
0 0.201172 0.695829 0.111328 0.085044
0 0.086670 0.695992 0.113770 0.084718
0 0.935547 0.595960 0.114258 0.086673
0 0.823486 0.596448 0.113770 0.085044
0 0.710449 0.597100 0.111328 0.086347
0 0.596680 0.597100 0.113281 0.086347
0 0.484375 0.596448 0.113281 0.086999
0 0.372070 0.597263 0.113281 0.087325
0 0.255859 0.597100 0.113281 0.086347
0 0.790527 0.494624 0.166992 0.089280
0 0.625244 0.493646 0.121582 0.089280
0 0.504883 0.494787 0.118164 0.085696
0 0.258301 0.479961 0.372070 0.112740
0 0.854492 0.395732 0.121094 0.089606
0 0.737793 0.395894 0.119141 0.091235
0 0.621094 0.393939 0.119141 0.091887
0 0.505371 0.395732 0.118164 0.086999
0 0.851318 0.294070 0.229980 0.096774
0 0.610840 0.294396 0.231445 0.096123
0 0.379150 0.295210 0.230957 0.096448
0 0.143066 0.295536 0.231445 0.096448
0 0.867188 0.193223 0.232422 0.096448
0 0.628662 0.193874 0.232910 0.097100
0 0.392578 0.194037 0.228516 0.098078
0 0.157959 0.194852 0.231934 0.096448
0 0.865234 0.093842 0.233398 0.099707
0 0.660889 0.089606 0.155762 0.104268
0 0.495117 0.089769 0.157227 0.103943
0 0.337891 0.090257 0.158203 0.104920
0 0.178223 0.090583 0.151367 0.106224
