0 0.870605 0.872434 0.153320 0.143695
0 0.705078 0.873737 0.151367 0.143695
0 0.548096 0.870805 0.153809 0.150212
0 0.394043 0.871131 0.150391 0.149560
0 0.242676 0.871619 0.152344 0.150538
0 0.086670 0.871945 0.153809 0.148583
0 0.870117 0.666667 0.155273 0.151841
0 0.711914 0.668296 0.151367 0.147931
0 0.559082 0.668133 0.151367 0.151515
0 0.396484 0.668785 0.152344 0.149560
0 0.239258 0.668296 0.151367 0.148583
0 0.080811 0.679700 0.146973 0.127729
0 0.809326 0.490551 0.237793 0.101336
0 0.565918 0.491691 0.220703 0.101010
0 0.336182 0.495764 0.217285 0.093516
0 0.117920 0.498045 0.196777 0.091561
0 0.838867 0.369013 0.151367 0.144347
0 0.604248 0.386771 0.274902 0.111437
0 0.322021 0.380091 0.269043 0.128706
0 0.536133 0.199739 0.202148 0.093190
0 0.350830 0.201206 0.151855 0.093516
0 0.158447 0.201369 0.204590 0.092538
0 0.427490 0.101336 0.264160 0.091235
0 0.682373 0.073314 0.163574 0.144021
