0 0.832275 0.898377 0.105957 0.095455
0 0.627197 0.897403 0.297363 0.094156
0 0.416260 0.897890 0.104980 0.098377
0 0.309082 0.899513 0.109375 0.093182
0 0.197021 0.898864 0.107910 0.093831
0 0.086670 0.899838 0.108887 0.095130
0 0.811523 0.795292 0.207031 0.093831
0 0.644775 0.795779 0.106934 0.094805
0 0.535889 0.794968 0.105957 0.096429
0 0.425049 0.793994 0.107910 0.095130
0 0.309814 0.795292 0.104004 0.095130
0 0.198486 0.796266 0.109863 0.095130
0 0.083740 0.797240 0.113770 0.095130
0 0.873291 0.694805 0.107910 0.094805
0 0.759033 0.695130 0.107910 0.094156
0 0.648682 0.696591 0.107910 0.095779
0 0.539795 0.695455 0.106934 0.094805
0 0.430176 0.694156 0.107422 0.097403
0 0.319092 0.696104 0.106934 0.094156
0 0.200928 0.697403 0.109863 0.090909
0 0.086914 0.698377 0.112305 0.092208
0 0.871094 0.598539 0.117188 0.092532
0 0.752930 0.596753 0.106445 0.094156
0 0.639648 0.597890 0.113281 0.091883
0 0.481934 0.597240 0.201172 0.093831
0 0.328125 0.598539 0.109375 0.094481
0 0.209717 0.599351 0.112793 0.088961
0 0.090576 0.600325 0.114746 0.090260
0 0.820068 0.495617 0.223145 0.095130
0 0.587646 0.494805 0.217285 0.094805
0 0.362549 0.495455 0.227051 0.095455
0 0.133057 0.496266 0.222168 0.093831
0 0.893799 0.395292 0.192871 0.095779
0 0.697998 0.396753 0.189941 0.092857
0 0.502930 0.396429 0.195312 0.094156
0 0.308105 0.397078 0.193359 0.094156
0 0.114502 0.397403 0.191895 0.093506
0 0.884277 0.297890 0.193359 0.095779
0 0.684570 0.298377 0.194336 0.094156
0 0.486816 0.298864 0.194336 0.092532
0 0.286133 0.299838 0.193359 0.094481
0 0.493408 0.197403 0.122559 0.097403
0 0.349854 0.195455 0.149902 0.101948
0 0.157227 0.196266 0.225586 0.100325
0 0.887939 0.104383 0.144043 0.078896
0 0.696289 0.088149 0.222656 0.108117
0 0.444580 0.077435 0.268066 0.129545
0 0.203613 0.072727 0.208984 0.139610
