0 0.113770 0.871666 0.160156 0.143461
0 0.273926 0.870852 0.157227 0.145088
0 0.438721 0.872642 0.157715 0.144112
0 0.597656 0.871991 0.157227 0.146064
0 0.754395 0.871828 0.155273 0.144437
0 0.910889 0.870364 0.156738 0.144112
0 0.870117 0.680547 0.154297 0.119063
0 0.708252 0.681360 0.153809 0.118087
0 0.556885 0.667534 0.133301 0.144437
0 0.406738 0.667372 0.156250 0.146064
0 0.253174 0.670462 0.135254 0.142485
0 0.104736 0.668673 0.138184 0.143461
0 0.115479 0.468933 0.154785 0.142160
0 0.277832 0.469096 0.156250 0.143787
0 0.440918 0.468445 0.155273 0.144437
0 0.591553 0.468445 0.137207 0.145738
0 0.740479 0.468282 0.153809 0.146064
0 0.894287 0.468445 0.132324 0.143787
0 0.874023 0.256181 0.166016 0.173390
0 0.638428 0.292778 0.214355 0.102147
0 0.436279 0.304815 0.133301 0.078725
0 0.310547 0.307254 0.114258 0.075146
0 0.141602 0.294079 0.214844 0.102147
0 0.095215 0.195836 0.125977 0.093689
0 0.237061 0.198601 0.153809 0.089460
0 0.426758 0.198601 0.216797 0.088809
0 0.644531 0.191607 0.214844 0.100846
0 0.834717 0.088159 0.265137 0.104750
0 0.619385 0.080514 0.142090 0.116135
0 0.465332 0.081978 0.154297 0.116461
0 0.315918 0.086370 0.137695 0.105075
0 0.173340 0.087833 0.139648 0.104750
