0 0.743408 0.864004 0.154785 0.151682
0 0.589844 0.869502 0.134766 0.146507
0 0.395752 0.891818 0.236816 0.101229
0 0.213623 0.898448 0.113770 0.087969
0 0.094482 0.899741 0.116699 0.088616
0 0.400391 0.788163 0.230469 0.100259
0 0.211426 0.801908 0.133789 0.076003
0 0.087158 0.795440 0.114746 0.088292
0 0.235352 0.701488 0.132812 0.075032
0 0.360107 0.694373 0.114746 0.087969
0 0.478271 0.694373 0.113770 0.087969
0 0.897705 0.709411 0.122559 0.253234
0 0.695557 0.681921 0.229004 0.110931
0 0.915527 0.480595 0.140625 0.111902
0 0.754395 0.491429 0.162109 0.092820
0 0.590820 0.492885 0.162109 0.089263
0 0.394287 0.556436 0.179199 0.169146
0 0.104980 0.496442 0.160156 0.088616
0 0.746826 0.391332 0.191895 0.093790
0 0.553467 0.391332 0.194824 0.098318
0 0.346436 0.393596 0.220215 0.093790
0 0.127441 0.394567 0.221680 0.093790
0 0.857666 0.285414 0.267090 0.110285
0 0.655029 0.275712 0.143066 0.129690
0 0.514893 0.283635 0.132324 0.113195
0 0.377930 0.269728 0.141602 0.144890
0 0.231934 0.270537 0.140625 0.143920
0 0.092285 0.271022 0.140625 0.144890
0 0.897949 0.070343 0.140625 0.140686
0 0.753174 0.073900 0.144043 0.136158
0 0.610352 0.078266 0.140625 0.128719
0 0.467529 0.077458 0.140137 0.132277
0 0.322021 0.077135 0.142090 0.129043
0 0.175293 0.078752 0.146484 0.129690
