0 0.890625 0.900455 0.120117 0.092388
0 0.772461 0.901594 0.116211 0.092062
0 0.652832 0.900781 0.115234 0.093038
0 0.538574 0.899317 0.114258 0.092713
0 0.423096 0.900293 0.120605 0.091412
0 0.303467 0.900781 0.115723 0.089785
0 0.185059 0.900618 0.116211 0.090761
0 0.064453 0.900943 0.116211 0.089460
0 0.895020 0.798308 0.120117 0.090436
0 0.767578 0.797170 0.118164 0.092062
0 0.299805 0.797983 0.116211 0.089785
0 0.179443 0.798634 0.120605 0.088484
0 0.062256 0.797820 0.116699 0.090761
0 0.539062 0.796357 0.346680 0.090436
0 0.896973 0.698113 0.119141 0.089785
0 0.775391 0.699089 0.118164 0.088484
0 0.653564 0.697951 0.116699 0.092062
0 0.538086 0.697300 0.117188 0.089460
0 0.422607 0.697463 0.113770 0.089135
0 0.308838 0.697463 0.115723 0.091087
0 0.186279 0.697137 0.117676 0.089785
0 0.071777 0.694697 0.119141 0.092713
0 0.893555 0.600033 0.116211 0.090111
0 0.775146 0.599707 0.117676 0.090761
0 0.649414 0.597267 0.120117 0.093038
0 0.535400 0.599545 0.118652 0.089135
0 0.421143 0.599545 0.116699 0.091087
0 0.303955 0.599057 0.114746 0.092062
0 0.185547 0.599219 0.119141 0.091087
0 0.067627 0.600033 0.115723 0.090111
0 0.897461 0.497235 0.117188 0.091412
0 0.778076 0.496584 0.115723 0.090761
0 0.656494 0.497398 0.115723 0.089135
0 0.539307 0.497072 0.118652 0.091087
0 0.422607 0.498048 0.118652 0.091087
0 0.303955 0.498699 0.119629 0.090436
0 0.184814 0.497723 0.114746 0.091737
0 0.066406 0.496584 0.119141 0.092713
0 0.897461 0.391672 0.118164 0.102147
0 0.777100 0.399154 0.116699 0.089785
0 0.655518 0.398504 0.116699 0.090436
0 0.536377 0.397365 0.117676 0.091412
0 0.420166 0.398016 0.116699 0.092713
0 0.297363 0.398341 0.119141 0.092713
0 0.170654 0.398504 0.114746 0.092388
0 0.058594 0.398178 0.116211 0.092388
0 0.895020 0.295218 0.117188 0.090111
0 0.772949 0.299447 0.119141 0.090761
0 0.654541 0.299122 0.116699 0.094665
0 0.532715 0.298146 0.121094 0.095966
0 0.416260 0.300911 0.114746 0.089135
0 0.291748 0.300586 0.117676 0.093689
0 0.173584 0.301561 0.118652 0.091737
0 0.060303 0.300911 0.115723 0.091087
0 0.891113 0.199740 0.121094 0.091737
0 0.773926 0.199902 0.112305 0.088159
0 0.660645 0.199902 0.116211 0.088159
0 0.541504 0.196161 0.114258 0.090436
0 0.424805 0.201204 0.114258 0.086858
0 0.311279 0.199414 0.115723 0.090436
0 0.194092 0.199902 0.119629 0.093364
0 0.072754 0.201366 0.117188 0.087833
0 0.788330 0.097105 0.117676 0.090761
0 0.668945 0.094828 0.119141 0.091412
0 0.550049 0.096617 0.120605 0.091087
0 0.433594 0.097755 0.121094 0.090761
0 0.315430 0.096291 0.118164 0.093038
0 0.192383 0.098081 0.121094 0.089460
0 0.069336 0.096617 0.118164 0.092388
