0 0.939209 0.900751 0.121582 0.090761
0 0.812256 0.900751 0.121582 0.092067
0 0.689697 0.900914 0.117676 0.093699
0 0.566162 0.901077 0.116699 0.092067
0 0.450928 0.900914 0.116699 0.091740
0 0.337158 0.901730 0.116699 0.090761
0 0.208740 0.902383 0.140137 0.092067
0 0.085449 0.903852 0.117188 0.091740
0 0.935547 0.795788 0.116211 0.093046
0 0.812256 0.797911 0.119629 0.090761
0 0.692871 0.798563 0.122070 0.090108
0 0.572754 0.798563 0.120117 0.091414
0 0.456055 0.798400 0.118164 0.092393
0 0.338135 0.799706 0.117676 0.091087
0 0.211914 0.800522 0.117188 0.090761
0 0.094971 0.801502 0.119629 0.092067
0 0.804443 0.698825 0.114746 0.091087
0 0.691162 0.698008 0.115723 0.092720
0 0.568604 0.698825 0.117676 0.091087
0 0.452881 0.699478 0.118652 0.089781
0 0.334961 0.698661 0.118164 0.090761
0 0.208984 0.699151 0.115234 0.091087
0 0.088867 0.700131 0.117188 0.090434
0 0.925537 0.598270 0.115723 0.093046
0 0.802734 0.597943 0.117188 0.091087
0 0.689453 0.599086 0.111328 0.091414
0 0.576172 0.600065 0.115234 0.089455
0 0.463867 0.600555 0.110352 0.093699
0 0.354736 0.600229 0.107910 0.092393
0 0.230713 0.600881 0.116699 0.091740
0 0.098389 0.596801 0.129395 0.101861
0 0.925537 0.696050 0.117676 0.092067
0 0.813232 0.496409 0.102051 0.095658
0 0.694580 0.496572 0.116699 0.094678
0 0.687988 0.398629 0.116211 0.090761
0 0.459473 0.496898 0.113281 0.093373
0 0.344238 0.498694 0.117188 0.093699
0 0.217773 0.499021 0.123047 0.092393
0 0.093750 0.499347 0.119141 0.091740
0 0.932861 0.400588 0.116699 0.093373
0 0.807617 0.398629 0.117188 0.092720
0 0.804688 0.201110 0.114258 0.091414
0 0.577393 0.400751 0.112793 0.089781
0 0.462402 0.399608 0.118164 0.092067
0 0.341309 0.400424 0.120117 0.092393
0 0.215820 0.400588 0.119141 0.092067
0 0.091553 0.398955 0.119629 0.092067
0 0.929443 0.299869 0.122559 0.093699
0 0.805908 0.301502 0.117676 0.090434
0 0.688965 0.301339 0.115234 0.092720
0 0.572510 0.301992 0.119629 0.094025
0 0.446777 0.300359 0.118164 0.097290
0 0.324951 0.300686 0.118652 0.092067
0 0.211182 0.303134 0.115723 0.091740
0 0.091064 0.304603 0.120605 0.090761
0 0.931152 0.200784 0.118164 0.092067
0 0.926025 0.101861 0.118652 0.093373
0 0.682861 0.203232 0.121582 0.089128
0 0.557617 0.201763 0.120117 0.092720
0 0.435791 0.202253 0.117676 0.093046
0 0.314209 0.201437 0.119629 0.094025
0 0.199463 0.203232 0.118652 0.094352
0 0.082275 0.202253 0.119629 0.093699
0 0.681152 0.103004 0.117188 0.089781
0 0.552246 0.101534 0.121094 0.092720
0 0.432373 0.101698 0.118652 0.094352
0 0.312012 0.103983 0.116211 0.089781
0 0.804932 0.102351 0.116699 0.089781
0 0.926758 0.496898 0.125000 0.094678
