0 0.911865 0.893344 0.118652 0.089935
0 0.795410 0.893669 0.116211 0.091234
0 0.675781 0.894643 0.117188 0.088636
0 0.433594 0.894805 0.114258 0.089610
0 0.316895 0.893344 0.119141 0.092532
0 0.197021 0.895455 0.116699 0.090909
0 0.074219 0.895455 0.118164 0.090909
0 0.194092 0.792857 0.116699 0.092208
0 0.318604 0.792370 0.115723 0.091234
0 0.433105 0.792532 0.115234 0.090260
0 0.555176 0.786851 0.118164 0.099675
0 0.670166 0.790909 0.116699 0.089610
0 0.790283 0.791558 0.118652 0.088961
0 0.907959 0.790422 0.115723 0.091234
0 0.907715 0.691396 0.116211 0.089935
0 0.789307 0.691558 0.118652 0.090909
0 0.609131 0.687175 0.227051 0.100325
0 0.072754 0.594805 0.117188 0.090909
0 0.433350 0.693019 0.117676 0.089935
0 0.315674 0.692370 0.116699 0.090584
0 0.192383 0.692532 0.117188 0.089610
0 0.192871 0.594318 0.122070 0.089286
0 0.315186 0.593669 0.116699 0.091234
0 0.431152 0.592857 0.118164 0.090909
0 0.551025 0.592208 0.119629 0.090909
0 0.666992 0.592208 0.117188 0.090260
0 0.788086 0.592695 0.117188 0.091234
0 0.906738 0.591883 0.119141 0.090260
0 0.909912 0.490097 0.119629 0.091883
0 0.787598 0.490097 0.118164 0.091234
0 0.664551 0.491071 0.116211 0.090584
0 0.543213 0.490422 0.117676 0.091234
0 0.425293 0.491071 0.120117 0.091234
0 0.307861 0.491558 0.117676 0.090260
0 0.185059 0.492370 0.114258 0.089935
0 0.062256 0.396104 0.120605 0.086364
0 0.182129 0.394156 0.117188 0.090260
0 0.297852 0.394318 0.115234 0.089935
0 0.424805 0.393669 0.119141 0.089935
0 0.545654 0.392370 0.118652 0.091883
0 0.671143 0.394318 0.110840 0.088636
0 0.789795 0.392045 0.116699 0.090584
0 0.907227 0.392532 0.119141 0.090909
0 0.913574 0.295292 0.117188 0.089935
0 0.798584 0.295617 0.114746 0.090584
0 0.681885 0.297078 0.119629 0.089610
0 0.557129 0.296591 0.127930 0.087338
0 0.433350 0.297727 0.118652 0.087662
0 0.313477 0.298539 0.124023 0.087987
0 0.190430 0.297565 0.120117 0.088636
0 0.068604 0.299351 0.124512 0.084416
0 0.078857 0.196753 0.120605 0.092208
0 0.205322 0.196266 0.116699 0.093831
0 0.319824 0.196753 0.116211 0.089610
0 0.065918 0.491883 0.119141 0.091558
0 0.498291 0.196266 0.232910 0.087987
0 0.673340 0.195779 0.118164 0.088961
0 0.791992 0.196591 0.120117 0.086039
0 0.798096 0.095130 0.119629 0.092857
0 0.673096 0.096591 0.117676 0.091234
0 0.556396 0.095779 0.114746 0.092857
0 0.441895 0.097727 0.117188 0.087013
0 0.325684 0.096916 0.116211 0.089286
0 0.208496 0.097727 0.119141 0.090909
0 0.912109 0.195942 0.119141 0.087987
0 0.556152 0.893831 0.117188 0.092208
0 0.066650 0.794318 0.119629 0.093182
0 0.073730 0.692208 0.116211 0.090909
