0 0.828857 0.900916 0.211426 0.091563
0 0.597656 0.904349 0.230469 0.082734
0 0.368164 0.900425 0.212891 0.090582
0 0.148438 0.900916 0.210938 0.091563
0 0.825439 0.797580 0.209473 0.092217
0 0.602783 0.799869 0.229004 0.088947
0 0.373779 0.799379 0.229004 0.087966
0 0.200684 0.799379 0.118164 0.089274
0 0.936523 0.599248 0.115234 0.089928
0 0.822021 0.599248 0.113770 0.089928
0 0.707031 0.599575 0.116211 0.091890
0 0.591797 0.601700 0.121094 0.086331
0 0.470947 0.600719 0.119629 0.088293
0 0.347412 0.601537 0.122559 0.088620
0 0.941406 0.497220 0.116211 0.091890
0 0.820801 0.499346 0.117188 0.088293
0 0.702148 0.499346 0.121094 0.087639
0 0.578613 0.499019 0.120117 0.088947
0 0.452393 0.499673 0.119629 0.085677
0 0.335205 0.497547 0.118652 0.092544
0 0.215576 0.499836 0.119629 0.087312
0 0.092041 0.498692 0.122559 0.089601
0 0.933350 0.400916 0.119629 0.087639
0 0.813232 0.400916 0.118652 0.088293
0 0.694824 0.400589 0.119141 0.087639
0 0.573975 0.400916 0.124512 0.088293
0 0.445801 0.401079 0.137695 0.088620
0 0.319336 0.398463 0.116211 0.089928
0 0.201904 0.399771 0.121582 0.090582
0 0.085449 0.400425 0.119141 0.089928
0 0.934326 0.301668 0.115723 0.091236
0 0.817383 0.302976 0.118164 0.089274
0 0.694336 0.297580 0.129883 0.098757
0 0.570068 0.303793 0.111816 0.088293
0 0.458252 0.301668 0.114746 0.090582
0 0.342285 0.302158 0.113281 0.090909
0 0.226807 0.301014 0.115723 0.091890
0 0.095459 0.301995 0.117676 0.093198
0 0.927246 0.200294 0.118164 0.089928
0 0.806641 0.198169 0.123047 0.094833
0 0.574707 0.201112 0.118164 0.091563
0 0.458496 0.201439 0.119141 0.090255
0 0.339600 0.199804 0.115723 0.092871
0 0.218506 0.200458 0.118652 0.091563
0 0.090332 0.199313 0.118164 0.090582
0 0.891357 0.074395 0.138184 0.139634
0 0.745117 0.074395 0.135742 0.139634
0 0.601074 0.073414 0.136719 0.139634
0 0.456299 0.072433 0.138184 0.139634
0 0.320312 0.072760 0.136719 0.138980
0 0.180176 0.073905 0.134766 0.137345
0 0.218506 0.600392 0.122559 0.087639
0 0.098633 0.599738 0.119141 0.091563
0 0.089355 0.700621 0.126953 0.088620
0 0.216309 0.699150 0.117188 0.090255
0 0.334717 0.697678 0.117676 0.089928
0 0.457764 0.698169 0.118652 0.090255
0 0.578857 0.698005 0.118652 0.091236
0 0.702148 0.698332 0.116211 0.089928
0 0.818115 0.697678 0.117676 0.091890
0 0.938232 0.697351 0.114746 0.091890
0 0.082275 0.797907 0.116699 0.091563
