0 0.891357 0.929708 0.158691 0.078247
0 0.747070 0.929870 0.134766 0.079221
0 0.614014 0.930032 0.135254 0.080195
0 0.476807 0.930844 0.139160 0.078571
0 0.201904 0.924675 0.136230 0.090260
0 0.067139 0.931331 0.134277 0.080195
0 0.899414 0.820130 0.119141 0.090909
0 0.780029 0.820455 0.117676 0.090909
0 0.662354 0.820130 0.118652 0.091558
0 0.546631 0.819968 0.116699 0.092532
0 0.422607 0.822403 0.125488 0.089610
0 0.298584 0.823377 0.120605 0.086364
0 0.175537 0.823701 0.119629 0.086364
0 0.060059 0.821591 0.114258 0.089935
0 0.907227 0.721753 0.120117 0.087662
0 0.784180 0.719481 0.119141 0.092208
0 0.665039 0.720617 0.125977 0.087338
0 0.533936 0.722403 0.119629 0.087662
0 0.308594 0.722565 0.336914 0.086688
0 0.340088 0.930357 0.138184 0.079545
0 0.069336 0.724026 0.121094 0.087662
0 0.908203 0.622890 0.123047 0.089286
0 0.788574 0.623539 0.118164 0.088636
0 0.670166 0.624026 0.120605 0.088312
0 0.538086 0.628734 0.138672 0.076948
0 0.399414 0.627273 0.134766 0.083117
0 0.261475 0.628409 0.144043 0.080844
0 0.109863 0.628084 0.135742 0.079545
0 0.842041 0.520617 0.208496 0.089286
0 0.626465 0.519968 0.208008 0.089935
0 0.439941 0.527597 0.135742 0.076623
0 0.310303 0.520617 0.115723 0.089286
0 0.190430 0.522403 0.122070 0.090260
0 0.068359 0.523052 0.124023 0.087662
0 0.836914 0.422240 0.121094 0.091883
0 0.713623 0.422727 0.126465 0.090260
0 0.588623 0.422240 0.122559 0.090584
0 0.436035 0.426136 0.135742 0.086039
0 0.193604 0.422890 0.340332 0.086039
0 0.778320 0.306006 0.161133 0.084091
0 0.698242 0.325000 0.124023 0.091558
0 0.444092 0.323377 0.121582 0.090909
0 0.297363 0.326136 0.117188 0.088636
0 0.122803 0.324513 0.212402 0.091883
0 0.875244 0.291721 0.136230 0.153571
0 0.740967 0.229383 0.134277 0.077597
0 0.615967 0.223377 0.117676 0.090260
0 0.499512 0.223701 0.117188 0.090260
0 0.382324 0.234740 0.116211 0.068182
0 0.273193 0.230357 0.104980 0.080844
0 0.113037 0.224188 0.212402 0.090584
0 0.800049 0.095779 0.138184 0.138961
0 0.656250 0.095942 0.139648 0.139286
0 0.513184 0.095779 0.133789 0.138312
0 0.375977 0.098864 0.136719 0.134091
0 0.231689 0.097403 0.136230 0.140260
0 0.087891 0.097240 0.148438 0.139935
