0 0.894043 0.910052 0.134766 0.104424
0 0.756836 0.909889 0.134766 0.104099
0 0.620117 0.909564 0.134766 0.102147
0 0.488525 0.909401 0.131348 0.101822
0 0.356689 0.908588 0.133301 0.103448
0 0.221191 0.908751 0.134766 0.102472
0 0.083252 0.908426 0.136230 0.101822
0 0.082275 0.806604 0.134277 0.101171
0 0.216309 0.806766 0.132812 0.100846
0 0.354736 0.806116 0.136230 0.102798
0 0.487793 0.806604 0.134766 0.101171
0 0.620850 0.805791 0.134277 0.102147
0 0.755859 0.805791 0.135742 0.100846
0 0.888672 0.806278 0.134766 0.101822
0 0.890625 0.707059 0.131836 0.100520
0 0.758057 0.706734 0.131348 0.100520
0 0.627197 0.706409 0.131348 0.099870
0 0.493408 0.705758 0.133301 0.101822
0 0.356934 0.705270 0.134766 0.102798
0 0.220459 0.706083 0.134277 0.099870
0 0.082764 0.705270 0.135254 0.099545
0 0.085938 0.605563 0.134766 0.103774
0 0.367188 0.608979 0.246094 0.098243
0 0.612549 0.606539 0.216309 0.103774
0 0.832031 0.607515 0.215820 0.102472
0 0.828857 0.507482 0.243652 0.098243
0 0.571533 0.507645 0.247559 0.097267
0 0.318848 0.507807 0.245117 0.097593
0 0.093262 0.510410 0.155273 0.091737
0 0.244629 0.407450 0.248047 0.098569
0 0.504883 0.407775 0.247070 0.095316
0 0.760986 0.408751 0.244629 0.098569
0 0.764893 0.310507 0.248535 0.099219
0 0.497803 0.310507 0.244629 0.098569
0 0.292480 0.307905 0.136719 0.104424
0 0.146240 0.308068 0.146973 0.102798
0 0.127930 0.207547 0.210938 0.100846
0 0.345215 0.206897 0.217773 0.102798
0 0.674561 0.206734 0.426270 0.103774
0 0.759521 0.084255 0.153809 0.145088
0 0.590088 0.083767 0.153809 0.146064
0 0.427979 0.083116 0.160645 0.146714
0 0.263916 0.082791 0.156738 0.145413
0 0.097656 0.082954 0.159180 0.145088
