0 0.773926 0.873774 0.165039 0.141923
0 0.622559 0.866579 0.135742 0.153041
0 0.356689 0.867233 0.131348 0.153695
0 0.094482 0.869686 0.133301 0.152714
0 0.792725 0.663179 0.129395 0.153695
0 0.653564 0.663833 0.134277 0.154349
0 0.380859 0.670209 0.130859 0.138326
0 0.242188 0.671517 0.143555 0.140942
0 0.102051 0.671681 0.134766 0.141269
0 0.743896 0.491825 0.204590 0.088293
0 0.538818 0.493133 0.205566 0.088293
0 0.541260 0.406311 0.206543 0.086658
0 0.105469 0.470405 0.133789 0.140942
0 0.926514 0.493623 0.116699 0.092544
0 0.760010 0.395847 0.222168 0.093852
0 0.891602 0.197024 0.208008 0.090582
0 0.717529 0.274362 0.141113 0.136691
0 0.581787 0.275180 0.136230 0.138980
0 0.111084 0.271746 0.164551 0.138653
0 0.910400 0.069326 0.135254 0.138653
0 0.769287 0.069980 0.136230 0.139961
0 0.460938 0.083061 0.161133 0.112492
0 0.313965 0.071288 0.133789 0.139961
0 0.174316 0.070961 0.137695 0.141269
0 0.924561 0.897155 0.120605 0.094506
0 0.931885 0.396174 0.123535 0.091890
0 0.893311 0.297907 0.207520 0.090909
0 0.619873 0.083715 0.159668 0.111838
0 0.352783 0.272237 0.318848 0.138326
0 0.235352 0.469261 0.127930 0.141923
0 0.363525 0.468770 0.130371 0.140942
0 0.511475 0.669719 0.131348 0.139307
0 0.224609 0.868705 0.129883 0.151406
0 0.488281 0.866416 0.131836 0.152060
0 0.920898 0.662361 0.129883 0.152714
