0 0.921143 0.868869 0.140137 0.143885
0 0.152100 0.884729 0.210449 0.111511
0 0.695801 0.582897 0.123047 0.090582
0 0.246338 0.785971 0.119629 0.090582
0 0.109863 0.789895 0.136719 0.079464
0 0.916016 0.682636 0.129883 0.109549
0 0.760254 0.682309 0.127930 0.109549
0 0.623779 0.682799 0.131348 0.110530
0 0.488037 0.681655 0.124512 0.111511
0 0.362549 0.683290 0.127441 0.107587
0 0.230713 0.682963 0.127441 0.108895
0 0.098877 0.682799 0.129395 0.108568
0 0.354492 0.585840 0.214844 0.093198
0 0.136475 0.584369 0.208496 0.092217
0 0.886963 0.482668 0.127441 0.110530
0 0.750732 0.482341 0.126465 0.109876
0 0.611328 0.490353 0.132812 0.091890
0 0.395508 0.490026 0.227539 0.091236
0 0.143311 0.491498 0.213379 0.092217
0 0.842773 0.384075 0.209961 0.089928
0 0.575928 0.392577 0.211426 0.091890
0 0.406250 0.393067 0.121094 0.090909
0 0.273682 0.392904 0.126465 0.097122
0 0.104004 0.393067 0.122070 0.092217
0 0.865967 0.287770 0.128418 0.105298
0 0.736572 0.287116 0.125488 0.107260
0 0.604980 0.286462 0.125977 0.109222
0 0.478516 0.286135 0.126953 0.107260
0 0.349609 0.287116 0.126953 0.107260
0 0.103271 0.286952 0.123535 0.108895
0 0.908203 0.189503 0.124023 0.088620
0 0.778320 0.188849 0.124023 0.091890
0 0.643066 0.189503 0.138672 0.081426
0 0.477539 0.190320 0.157227 0.084369
0 0.270508 0.194735 0.160156 0.082080
0 0.109619 0.196207 0.148926 0.078483
0 0.866943 0.086004 0.241699 0.109876
0 0.681885 0.086167 0.125488 0.110857
0 0.547607 0.083388 0.132324 0.119032
0 0.395508 0.071288 0.167969 0.140615
0 0.209717 0.078319 0.210449 0.124591
0 0.555176 0.578156 0.166016 0.088947
0 0.816162 0.583061 0.119629 0.092217
0 0.934814 0.583061 0.117676 0.091563
0 0.223633 0.286135 0.120117 0.106606
