0 0.904053 0.909253 0.118652 0.091883
0 0.612305 0.908604 0.462891 0.089286
0 0.317871 0.908929 0.120117 0.090584
0 0.198730 0.909091 0.116211 0.089610
0 0.064209 0.900812 0.120605 0.086688
0 0.847656 0.806981 0.231445 0.087987
0 0.669678 0.807468 0.118652 0.088312
0 0.380615 0.805844 0.459473 0.087662
0 0.064697 0.800000 0.122559 0.087662
0 0.823730 0.709091 0.286133 0.083117
0 0.592041 0.708604 0.138184 0.087987
0 0.397705 0.706656 0.236816 0.088636
0 0.201172 0.703247 0.129883 0.100000
0 0.067139 0.707143 0.122559 0.090909
0 0.854980 0.608117 0.231445 0.094156
0 0.672119 0.607792 0.136230 0.090909
0 0.545898 0.608279 0.114258 0.086688
0 0.431641 0.608442 0.119141 0.087662
0 0.310303 0.610065 0.118652 0.084416
0 0.191162 0.608442 0.117676 0.087662
0 0.068115 0.607305 0.124512 0.086688
0 0.897705 0.506331 0.124512 0.089935
0 0.767822 0.506818 0.124512 0.087662
0 0.639404 0.507630 0.122559 0.087338
0 0.503418 0.512013 0.137695 0.078571
0 0.365234 0.511364 0.137695 0.079870
0 0.226562 0.511526 0.142578 0.078247
0 0.084473 0.512825 0.138672 0.078247
0 0.910889 0.407955 0.121582 0.089935
0 0.789795 0.408279 0.114746 0.089935
0 0.674805 0.409253 0.118164 0.087987
0 0.554199 0.410227 0.119141 0.088636
0 0.430908 0.409903 0.124512 0.086688
0 0.311523 0.409253 0.119141 0.086688
0 0.189453 0.409740 0.120117 0.089610
0 0.065674 0.410390 0.122559 0.087662
0 0.700195 0.310390 0.343750 0.092208
0 0.461182 0.310552 0.124512 0.090584
0 0.334717 0.311039 0.125488 0.089610
0 0.204590 0.312338 0.122070 0.087662
0 0.077881 0.307955 0.121582 0.095779
0 0.872803 0.210227 0.128418 0.091883
0 0.743652 0.210552 0.127930 0.086688
0 0.604980 0.214773 0.139648 0.079545
0 0.471191 0.208442 0.124023 0.091558
0 0.342041 0.209740 0.124512 0.092208
0 0.212158 0.208929 0.124512 0.094481
0 0.076172 0.207955 0.127930 0.096429
0 0.791992 0.084578 0.140625 0.141234
0 0.646729 0.085877 0.138184 0.139935
0 0.504883 0.084578 0.135742 0.139935
0 0.301514 0.083117 0.273926 0.145455
0 0.082031 0.085877 0.140625 0.141234
