0 0.868164 0.887508 0.217773 0.115108
0 0.653809 0.897482 0.210938 0.091890
0 0.403809 0.900589 0.225586 0.091563
0 0.164307 0.902224 0.213379 0.092217
0 0.813965 0.785644 0.210938 0.089928
0 0.587158 0.795455 0.210449 0.092544
0 0.350098 0.795945 0.210938 0.090909
0 0.141357 0.795782 0.212402 0.096468
0 0.817383 0.694735 0.221680 0.091236
0 0.576416 0.695226 0.227051 0.092217
0 0.350586 0.696534 0.209961 0.091563
0 0.138428 0.696861 0.221191 0.091563
0 0.807373 0.596305 0.221191 0.093198
0 0.573242 0.596468 0.230469 0.092871
0 0.347412 0.596959 0.211426 0.091236
0 0.127930 0.598757 0.213867 0.090909
0 0.799561 0.494441 0.212402 0.092871
0 0.571045 0.494114 0.212402 0.095487
0 0.352051 0.493950 0.208984 0.093852
0 0.135010 0.486266 0.219238 0.113146
0 0.933105 0.394212 0.126953 0.093198
0 0.760010 0.393394 0.208496 0.097449
0 0.551270 0.394539 0.208008 0.093852
0 0.340820 0.397482 0.207031 0.090582
0 0.132812 0.385546 0.208984 0.088947
0 0.935791 0.296272 0.117676 0.092871
0 0.810303 0.296926 0.120605 0.091563
0 0.692139 0.296926 0.116699 0.092871
0 0.570557 0.291857 0.124512 0.103009
0 0.333984 0.298071 0.208008 0.093852
0 0.123779 0.295782 0.211426 0.090582
0 0.933594 0.196043 0.122070 0.093852
0 0.755127 0.196697 0.228027 0.093198
0 0.581543 0.196697 0.117188 0.092544
0 0.467041 0.196534 0.116699 0.091563
0 0.344238 0.198496 0.122070 0.092871
0 0.221680 0.198496 0.121094 0.090255
0 0.098389 0.199967 0.123535 0.090582
0 0.936768 0.094016 0.120605 0.093852
0 0.803467 0.091400 0.122559 0.097776
0 0.680908 0.093035 0.116699 0.093852
0 0.561035 0.093852 0.115234 0.094179
0 0.438477 0.093525 0.120117 0.093525
0 0.308838 0.095324 0.119629 0.093852
0 0.183594 0.095978 0.121094 0.093198
