0 0.844727 0.793344 0.226562 0.095779
0 0.833252 0.900649 0.210449 0.090260
0 0.639160 0.906818 0.136719 0.078571
0 0.494385 0.906006 0.139160 0.081494
0 0.354736 0.906494 0.140137 0.077922
0 0.216309 0.906006 0.136719 0.078896
0 0.071045 0.905519 0.139160 0.079221
0 0.670410 0.797727 0.118164 0.089610
0 0.545166 0.797403 0.117676 0.090260
0 0.424316 0.798214 0.121094 0.087987
0 0.244873 0.799026 0.232910 0.088312
0 0.065918 0.800162 0.119141 0.089286
0 0.900879 0.696753 0.120117 0.090260
0 0.779785 0.696753 0.121094 0.092208
0 0.659912 0.697240 0.111816 0.089286
0 0.541016 0.696916 0.119141 0.091883
0 0.420410 0.696916 0.117188 0.091883
0 0.297363 0.695455 0.119141 0.094156
0 0.175781 0.697890 0.120117 0.092532
0 0.058350 0.696753 0.109863 0.092208
0 0.900146 0.598377 0.118652 0.091558
0 0.774170 0.598052 0.116699 0.092857
0 0.658691 0.597890 0.116211 0.092532
0 0.542480 0.599838 0.116211 0.090584
0 0.424805 0.598539 0.117188 0.091234
0 0.301025 0.599026 0.122559 0.089610
0 0.178223 0.598701 0.117188 0.094156
0 0.059570 0.597890 0.116211 0.095130
0 0.891846 0.495942 0.113770 0.094481
0 0.769775 0.499188 0.112793 0.087338
0 0.649658 0.497240 0.114746 0.093182
0 0.473145 0.494805 0.228516 0.095455
0 0.295898 0.497078 0.118164 0.090909
0 0.118164 0.496104 0.230469 0.092208
0 0.892334 0.398377 0.119629 0.090260
0 0.769531 0.397727 0.116211 0.092208
0 0.651123 0.397403 0.115723 0.090909
0 0.538330 0.397727 0.114746 0.090260
0 0.420166 0.398377 0.116699 0.091558
0 0.299072 0.398864 0.117676 0.090584
0 0.177490 0.399351 0.115723 0.090260
0 0.062256 0.398539 0.119629 0.091883
0 0.884766 0.298052 0.116211 0.090909
0 0.738037 0.293019 0.127441 0.108766
0 0.605225 0.292370 0.130371 0.108117
0 0.450684 0.300487 0.122070 0.093182
0 0.312988 0.300487 0.136719 0.093182
0 0.180420 0.299513 0.118652 0.092532
0 0.059326 0.301299 0.117676 0.090260
0 0.537598 0.196591 0.209961 0.090584
0 0.324707 0.197890 0.208008 0.091234
0 0.109131 0.200162 0.212402 0.093182
0 0.768066 0.135227 0.259766 0.212013
0 0.419189 0.090422 0.229980 0.101623
0 0.244141 0.088149 0.126953 0.110714
0 0.093018 0.094156 0.184082 0.099351
0 0.591309 0.086526 0.117188 0.110065
