0 0.791992 0.896337 0.210938 0.094179
0 0.552979 0.897809 0.162598 0.093198
0 0.362305 0.899117 0.208984 0.089274
0 0.141846 0.897973 0.209473 0.092217
0 0.788818 0.793819 0.210449 0.092544
0 0.573730 0.791694 0.209961 0.090255
0 0.354980 0.794637 0.208984 0.092217
0 0.141602 0.795782 0.208008 0.093198
0 0.774170 0.692773 0.121582 0.093198
0 0.628906 0.692119 0.142578 0.097776
0 0.485352 0.693427 0.137695 0.093198
0 0.354980 0.694572 0.121094 0.090909
0 0.229492 0.695880 0.124023 0.088947
0 0.098633 0.695880 0.130859 0.091563
0 0.924561 0.593689 0.128418 0.093852
0 0.782959 0.594997 0.129395 0.093198
0 0.637695 0.595651 0.127930 0.090582
0 0.459717 0.593198 0.216309 0.098757
0 0.277100 0.598921 0.126465 0.090582
0 0.124023 0.602191 0.163086 0.084042
0 0.884033 0.494604 0.132324 0.093198
0 0.742188 0.493787 0.129883 0.093525
0 0.614502 0.492315 0.127441 0.093198
0 0.484375 0.491988 0.129883 0.093852
0 0.355225 0.495749 0.122559 0.092217
0 0.227539 0.495585 0.123047 0.091890
0 0.099365 0.498201 0.123535 0.089928
0 0.845703 0.397646 0.123047 0.090255
0 0.718506 0.398954 0.125488 0.088947
0 0.591309 0.397646 0.115234 0.090255
0 0.463867 0.396501 0.123047 0.087966
0 0.338379 0.397973 0.120117 0.089601
0 0.220215 0.398300 0.117188 0.091563
0 0.097656 0.396337 0.117188 0.094833
0 0.880859 0.300850 0.123047 0.091563
0 0.754639 0.298071 0.119629 0.093198
0 0.622803 0.294637 0.129395 0.103990
0 0.495850 0.297253 0.122559 0.094833
0 0.368896 0.299215 0.117676 0.091563
0 0.241455 0.301014 0.130371 0.090582
0 0.104248 0.300033 0.134277 0.092544
0 0.737793 0.199804 0.122070 0.090255
0 0.600342 0.199150 0.120605 0.090909
0 0.479736 0.199313 0.122559 0.091236
0 0.351807 0.200621 0.117676 0.091890
0 0.224854 0.200948 0.126465 0.090582
0 0.094482 0.201112 0.123535 0.092217
0 0.871338 0.092054 0.139160 0.103663
0 0.724609 0.090419 0.124023 0.108895
0 0.580566 0.096141 0.173828 0.098757
0 0.378906 0.087802 0.213867 0.116089
0 0.189209 0.076357 0.139160 0.143558
0 0.872070 0.197515 0.121094 0.092871
0 0.892822 0.691629 0.118652 0.090255
