0 0.811035 0.901461 0.210938 0.093182
0 0.582520 0.903409 0.205078 0.088636
0 0.348389 0.901461 0.212402 0.091883
0 0.109131 0.901461 0.208496 0.089935
0 0.817383 0.798377 0.208984 0.090909
0 0.576172 0.798864 0.212891 0.090584
0 0.343262 0.799188 0.209961 0.089935
0 0.112793 0.799351 0.209961 0.090260
0 0.815674 0.699675 0.209473 0.090909
0 0.587158 0.699188 0.210449 0.091883
0 0.341064 0.697890 0.208496 0.091883
0 0.118652 0.698701 0.209961 0.093506
0 0.817627 0.600649 0.211426 0.089610
0 0.582764 0.593019 0.223145 0.104870
0 0.358887 0.594805 0.224609 0.101299
0 0.124268 0.600974 0.230957 0.090909
0 0.886719 0.496916 0.127930 0.093182
0 0.687988 0.496429 0.225586 0.091558
0 0.482910 0.497890 0.163086 0.083442
0 0.291504 0.496753 0.208984 0.090909
0 0.094238 0.503084 0.163086 0.084091
0 0.855957 0.404545 0.163086 0.085714
0 0.698730 0.401299 0.122070 0.092208
0 0.571045 0.401136 0.118652 0.092532
0 0.438477 0.394481 0.122070 0.090260
0 0.308350 0.401299 0.121582 0.092857
0 0.121826 0.401299 0.232910 0.092208
0 0.847168 0.303247 0.209961 0.092208
0 0.629150 0.306981 0.163574 0.086039
0 0.391602 0.303734 0.206055 0.090584
0 0.137451 0.230519 0.229004 0.081169
0 0.830566 0.203571 0.210938 0.092208
0 0.610840 0.202435 0.209961 0.092532
0 0.388916 0.206818 0.230957 0.083766
0 0.802734 0.078247 0.148438 0.144805
0 0.650146 0.077273 0.135254 0.140909
0 0.507080 0.078734 0.139160 0.140584
0 0.373047 0.079708 0.133789 0.139935
0 0.230469 0.079870 0.137695 0.141558
0 0.085938 0.080682 0.140625 0.142532
0 0.137695 0.308929 0.229492 0.076948
