0 0.818359 0.901431 0.213867 0.093038
0 0.568115 0.899154 0.218262 0.094990
0 0.344727 0.902245 0.209961 0.090761
0 0.135254 0.902895 0.209961 0.092062
0 0.810791 0.799284 0.208496 0.091737
0 0.576904 0.797983 0.205566 0.093689
0 0.349365 0.798959 0.207520 0.091087
0 0.131348 0.799447 0.209961 0.091412
0 0.810791 0.698601 0.208496 0.092062
0 0.571777 0.697463 0.210938 0.093038
0 0.350098 0.699414 0.211914 0.090436
0 0.136719 0.697951 0.208984 0.093364
0 0.810059 0.601496 0.209961 0.093689
0 0.602295 0.600520 0.209473 0.091087
0 0.361328 0.600683 0.208984 0.090111
0 0.143555 0.598569 0.210938 0.093038
0 0.832031 0.496747 0.212891 0.098243
0 0.594727 0.498211 0.209961 0.089460
0 0.368652 0.495283 0.208008 0.094665
0 0.145508 0.493819 0.225586 0.102147
0 0.810547 0.398666 0.217773 0.091412
0 0.576660 0.398829 0.209961 0.091737
0 0.360596 0.397202 0.207520 0.089135
0 0.134277 0.400781 0.211914 0.090436
0 0.817139 0.302537 0.209473 0.091087
0 0.575195 0.300911 0.206055 0.091737
0 0.355957 0.298146 0.222656 0.093364
0 0.133789 0.301561 0.208008 0.091087
0 0.793457 0.199252 0.208008 0.092062
0 0.571045 0.201529 0.209473 0.091412
0 0.353271 0.201366 0.211426 0.090436
0 0.134766 0.202180 0.208984 0.092713
0 0.829102 0.072219 0.139648 0.140534
0 0.663574 0.072056 0.158203 0.140859
0 0.499268 0.072869 0.136230 0.140534
0 0.347168 0.071243 0.150391 0.141835
0 0.187012 0.072381 0.154297 0.142160
