0 0.805176 0.914610 0.215820 0.094156
0 0.562988 0.910227 0.213867 0.099026
0 0.339844 0.912500 0.216797 0.091883
0 0.114502 0.913149 0.211426 0.091234
0 0.795654 0.810065 0.210449 0.094156
0 0.570068 0.810714 0.210449 0.091558
0 0.340088 0.809091 0.215332 0.094805
0 0.115723 0.811039 0.211914 0.090909
0 0.870605 0.683604 0.141602 0.141883
0 0.713867 0.685714 0.136719 0.141558
0 0.552979 0.668344 0.173340 0.175000
0 0.382812 0.685390 0.141602 0.140260
0 0.229248 0.683929 0.145020 0.142532
0 0.079102 0.685227 0.135742 0.141234
0 0.803955 0.510065 0.213379 0.092857
0 0.566406 0.509091 0.208008 0.092857
0 0.339111 0.509416 0.210449 0.092857
0 0.113037 0.510390 0.213379 0.088961
0 0.801758 0.411364 0.213867 0.091558
0 0.571289 0.412013 0.233398 0.088312
0 0.338867 0.409740 0.210938 0.093506
0 0.113770 0.411039 0.211914 0.092857
0 0.890137 0.280032 0.147461 0.157468
0 0.737793 0.285714 0.136719 0.146753
0 0.578369 0.303084 0.167480 0.116558
0 0.403564 0.297565 0.173340 0.121104
0 0.239502 0.288474 0.137207 0.140584
0 0.081787 0.287825 0.140137 0.139286
0 0.821289 0.084578 0.138672 0.142532
0 0.671387 0.083604 0.136719 0.139286
0 0.530762 0.084253 0.136719 0.141234
0 0.389648 0.085390 0.137695 0.140260
0 0.247070 0.085714 0.145508 0.140260
0 0.094727 0.086688 0.142578 0.140909
0 0.413574 0.196753 0.166016 0.085065
0 0.577393 0.200812 0.161621 0.083442
