0 0.828369 0.896872 0.212402 0.094167
0 0.828369 0.793092 0.209473 0.091887
0 0.590820 0.809873 0.215820 0.093516
0 0.365967 0.897035 0.208496 0.091887
0 0.146240 0.893288 0.207520 0.101336
0 0.368652 0.794884 0.208008 0.089606
0 0.142090 0.794396 0.208984 0.091235
0 0.815918 0.693874 0.211914 0.090257
0 0.589600 0.693874 0.208496 0.092212
0 0.145508 0.681492 0.206055 0.114370
0 0.815186 0.594330 0.210449 0.091235
0 0.564453 0.586673 0.209961 0.107201
0 0.838867 0.472304 0.286133 0.129358
0 0.570068 0.448517 0.210449 0.176279
0 0.254395 0.463017 0.406250 0.152493
0 0.821533 0.297491 0.208496 0.091887
0 0.597168 0.298306 0.209961 0.090257
0 0.378906 0.298957 0.209961 0.092212
0 0.160156 0.299283 0.209961 0.088954
0 0.825195 0.195503 0.209961 0.093842
0 0.600586 0.197458 0.209961 0.090583
0 0.385498 0.197133 0.211426 0.092538
0 0.163086 0.199739 0.211914 0.091887
0 0.834473 0.088465 0.266602 0.109808
0 0.551514 0.087814 0.260254 0.114370
0 0.338623 0.075595 0.137207 0.141414
0 0.181641 0.075432 0.141602 0.141740
0 0.164795 0.580971 0.206543 0.091235
0 0.351807 0.580971 0.138184 0.082763
0 0.348877 0.681655 0.203613 0.110134
0 0.591309 0.898175 0.213867 0.090257
