0 0.912109 0.891021 0.123047 0.099545
0 0.784180 0.896877 0.119141 0.089785
0 0.636230 0.903058 0.140625 0.078074
0 0.487305 0.893136 0.140625 0.101822
0 0.356934 0.897040 0.116211 0.091412
0 0.230957 0.897365 0.118164 0.095316
0 0.091309 0.905498 0.136719 0.081002
0 0.891113 0.799284 0.137695 0.078074
0 0.758545 0.794567 0.116699 0.093364
0 0.640625 0.793266 0.118164 0.092062
0 0.469482 0.795869 0.119629 0.095316
0 0.334961 0.795706 0.115234 0.091087
0 0.205322 0.795381 0.116699 0.094340
0 0.081055 0.795055 0.113281 0.093038
0 0.839600 0.695673 0.194824 0.092713
0 0.659424 0.690794 0.136230 0.098569
0 0.482178 0.695185 0.205566 0.093038
0 0.100586 0.690956 0.177734 0.101496
0 0.893311 0.587833 0.126465 0.109304
0 0.755371 0.587833 0.126953 0.109954
0 0.617188 0.588809 0.127930 0.107352
0 0.479980 0.588972 0.126953 0.108328
0 0.343750 0.587020 0.125977 0.107027
0 0.214111 0.593038 0.116699 0.098243
0 0.078613 0.591249 0.134766 0.105725
0 0.829346 0.484060 0.157715 0.103448
0 0.624756 0.487476 0.228027 0.090761
0 0.444092 0.488939 0.112793 0.089785
0 0.312256 0.490566 0.119629 0.088484
0 0.126709 0.491379 0.231934 0.094014
0 0.887695 0.391509 0.107422 0.080351
0 0.756104 0.387931 0.125488 0.064736
0 0.583008 0.396714 0.210938 0.090761
0 0.356934 0.396226 0.209961 0.093689
0 0.128418 0.397202 0.228516 0.091087
0 0.811768 0.297820 0.210449 0.093364
0 0.493896 0.299935 0.116699 0.093038
0 0.368164 0.298796 0.117188 0.092713
0 0.225342 0.304001 0.163574 0.084255
0 0.075928 0.294242 0.120605 0.104424
0 0.857422 0.202993 0.136719 0.080026
0 0.667969 0.198276 0.224609 0.092062
0 0.491455 0.198113 0.119629 0.093038
0 0.342285 0.198439 0.118164 0.092388
0 0.204834 0.199740 0.118652 0.091737
0 0.082520 0.194047 0.121094 0.092713
0 0.770264 0.086858 0.212402 0.117111
0 0.407471 0.074008 0.482910 0.143461
0 0.089600 0.075960 0.139160 0.140208
0 0.626221 0.298634 0.122559 0.093038
0 0.277588 0.689005 0.179199 0.101496
