0 0.812500 0.886059 0.348633 0.112308
0 0.390869 0.874306 0.139160 0.139079
0 0.245117 0.875286 0.136719 0.137773
0 0.104492 0.875612 0.135742 0.139732
0 0.879883 0.783382 0.208984 0.090434
0 0.682617 0.788443 0.162109 0.081619
0 0.875732 0.693601 0.209473 0.090434
0 0.690918 0.696866 0.145508 0.089781
0 0.512939 0.696050 0.208496 0.088802
0 0.343750 0.697029 0.118164 0.090761
0 0.220703 0.697845 0.120117 0.088475
0 0.090820 0.697029 0.121094 0.086190
0 0.924316 0.596311 0.120117 0.087822
0 0.806641 0.597127 0.111328 0.089455
0 0.694824 0.597290 0.115234 0.090434
0 0.578125 0.598596 0.116211 0.089781
0 0.462891 0.596474 0.110352 0.094025
0 0.342041 0.605289 0.129395 0.075090
0 0.219971 0.596964 0.114746 0.089781
0 0.094971 0.603657 0.132324 0.079660
0 0.802002 0.502285 0.139160 0.078028
0 0.662354 0.503918 0.132324 0.073457
0 0.523926 0.502285 0.134766 0.079334
0 0.382568 0.501306 0.143066 0.080640
0 0.241455 0.502449 0.132324 0.079008
0 0.097168 0.503428 0.131836 0.080966
0 0.925293 0.401894 0.136719 0.079008
0 0.790039 0.402220 0.130859 0.080313
0 0.655518 0.404669 0.137207 0.077375
0 0.518799 0.402710 0.133301 0.081946
0 0.382080 0.401730 0.134277 0.079987
0 0.245850 0.404505 0.134277 0.079008
0 0.104492 0.404016 0.135742 0.075416
0 0.895508 0.300033 0.120117 0.088149
0 0.755371 0.299869 0.114258 0.090434
0 0.636475 0.297911 0.117676 0.091087
0 0.508301 0.298563 0.113281 0.092393
0 0.382568 0.299053 0.114746 0.094025
0 0.249756 0.307215 0.136230 0.078355
0 0.104980 0.306399 0.135742 0.075416
0 0.929688 0.198988 0.121094 0.089128
0 0.796387 0.197845 0.112305 0.092720
0 0.673828 0.193111 0.115234 0.100229
0 0.541260 0.192785 0.138184 0.104146
0 0.248047 0.191479 0.133789 0.103493
0 0.110107 0.193111 0.136230 0.102840
0 0.839600 0.076559 0.162598 0.136794
0 0.668457 0.086516 0.127930 0.107738
0 0.530273 0.081456 0.126953 0.109370
0 0.387695 0.084394 0.164062 0.112635
0 0.199951 0.085047 0.163574 0.110676
0 0.532227 0.873653 0.135742 0.144956
0 0.934570 0.494940 0.122070 0.091414
