0 0.904541 0.904684 0.120605 0.086532
0 0.785645 0.900455 0.118164 0.093038
0 0.663086 0.903058 0.118164 0.093038
0 0.546387 0.902407 0.117188 0.090436
0 0.431396 0.901269 0.117676 0.096617
0 0.309326 0.902407 0.115723 0.093689
0 0.191650 0.901757 0.117676 0.091087
0 0.067383 0.901757 0.122070 0.087183
0 0.891113 0.801399 0.125977 0.089460
0 0.768066 0.798959 0.122070 0.093038
0 0.647461 0.798634 0.116211 0.091087
0 0.521484 0.800586 0.123047 0.087183
0 0.325684 0.798796 0.209961 0.090111
0 0.109131 0.798308 0.212402 0.092388
0 0.889648 0.701041 0.118164 0.090436
0 0.716553 0.698276 0.213379 0.095966
0 0.494385 0.700716 0.208496 0.091737
0 0.306152 0.704294 0.159180 0.084580
0 0.120605 0.697625 0.208984 0.092062
0 0.871094 0.602472 0.113281 0.090436
0 0.718994 0.605725 0.159668 0.083279
0 0.570312 0.607840 0.131836 0.078399
0 0.432373 0.601659 0.117676 0.092062
0 0.307373 0.603123 0.118652 0.087183
0 0.180908 0.602798 0.116699 0.087833
0 0.060791 0.600195 0.113770 0.091737
0 0.631104 0.497723 0.445801 0.091737
0 0.339111 0.498048 0.117676 0.093689
0 0.213379 0.498048 0.125000 0.093689
0 0.078613 0.499024 0.134766 0.093038
0 0.837891 0.400455 0.217773 0.090436
0 0.552246 0.398992 0.209961 0.090761
0 0.333008 0.399642 0.208984 0.089460
0 0.119141 0.399967 0.206055 0.088809
0 0.834961 0.300423 0.215820 0.094014
0 0.608398 0.302212 0.209961 0.090436
0 0.433838 0.300911 0.114746 0.091737
0 0.311523 0.302212 0.114258 0.091087
0 0.188232 0.300098 0.122559 0.092713
0 0.069336 0.301561 0.111328 0.089135
0 0.809082 0.200716 0.208984 0.091737
0 0.571777 0.206246 0.256836 0.081327
0 0.335449 0.199740 0.208984 0.090436
0 0.123535 0.201854 0.207031 0.089460
0 0.811035 0.091900 0.150391 0.105075
0 0.645264 0.093364 0.138184 0.098894
0 0.505615 0.092876 0.121582 0.097918
0 0.378418 0.093201 0.120117 0.095966
0 0.244141 0.092876 0.122070 0.097267
0 0.102295 0.074008 0.138184 0.137606
0 0.912598 0.499187 0.118164 0.090761
