0 0.462891 0.073784 0.139648 0.146915
0 0.857910 0.897813 0.122070 0.088802
0 0.729980 0.900588 0.120117 0.088475
0 0.489014 0.899282 0.114746 0.095658
0 0.364014 0.902220 0.124512 0.090434
0 0.233887 0.900588 0.125000 0.092393
0 0.094482 0.900261 0.134277 0.096964
0 0.929932 0.795625 0.124512 0.089455
0 0.804688 0.796768 0.123047 0.087822
0 0.679199 0.798237 0.119141 0.093373
0 0.480713 0.803787 0.265137 0.080313
0 0.262207 0.803950 0.154297 0.081293
0 0.112061 0.804277 0.136230 0.076722
0 0.806885 0.697029 0.217285 0.092067
0 0.572021 0.697192 0.210449 0.093699
0 0.356689 0.695886 0.212402 0.093046
0 0.145020 0.697845 0.208984 0.091740
0 0.804199 0.595495 0.211914 0.092720
0 0.576172 0.595168 0.208984 0.093373
0 0.362549 0.598596 0.207520 0.089781
0 0.148682 0.599412 0.211426 0.091414
0 0.874756 0.487267 0.132324 0.106105
0 0.546631 0.487104 0.115723 0.112308
0 0.395752 0.472576 0.131348 0.141365
0 0.254639 0.472086 0.139160 0.140385
0 0.113281 0.473066 0.135742 0.141038
0 0.838135 0.273425 0.168457 0.145282
0 0.670654 0.276363 0.137207 0.138100
0 0.510498 0.288116 0.171387 0.113941
0 0.312012 0.291381 0.209961 0.112635
0 0.120117 0.261998 0.172852 0.173359
0 0.891846 0.075906 0.144043 0.142018
0 0.743652 0.076885 0.138672 0.139406
0 0.600830 0.077375 0.137207 0.138426
0 0.324463 0.093209 0.150879 0.112635
0 0.170166 0.079334 0.141113 0.140385
0 0.841309 0.390793 0.154297 0.080313
0 0.586182 0.388671 0.208496 0.092393
0 0.316162 0.191316 0.211426 0.089455
0 0.600586 0.896996 0.113281 0.093699
0 0.695557 0.485961 0.187988 0.105452
