0 0.891846 0.871178 0.141113 0.142485
0 0.752686 0.871503 0.136230 0.145738
0 0.610596 0.872804 0.136230 0.143787
0 0.334961 0.794242 0.209961 0.090761
0 0.117676 0.795543 0.213867 0.092713
0 0.836182 0.694372 0.208496 0.089460
0 0.618164 0.695348 0.209961 0.089460
0 0.448730 0.695511 0.120117 0.092388
0 0.328369 0.695023 0.116699 0.092062
0 0.199951 0.692095 0.118652 0.091412
0 0.074463 0.695185 0.119629 0.090436
0 0.817871 0.594990 0.121094 0.092388
0 0.569336 0.597105 0.124023 0.091412
0 0.318604 0.598081 0.124512 0.089460
0 0.191895 0.597755 0.123047 0.093364
0 0.067627 0.598894 0.124512 0.089785
0 0.468262 0.496096 0.125977 0.087183
0 0.343506 0.496096 0.127441 0.087183
0 0.213623 0.495934 0.125488 0.087508
0 0.078369 0.496096 0.133301 0.090436
0 0.871582 0.397365 0.118164 0.092062
0 0.606445 0.397040 0.121094 0.089460
0 0.482422 0.392160 0.119141 0.099870
0 0.357422 0.399154 0.119141 0.086532
0 0.227783 0.397690 0.124512 0.091412
0 0.089355 0.403871 0.139648 0.077749
0 0.873291 0.299122 0.122559 0.093364
0 0.736328 0.299610 0.124023 0.088484
0 0.615723 0.298146 0.117188 0.085556
0 0.488037 0.298796 0.128418 0.090761
0 0.357910 0.299122 0.129883 0.089460
0 0.225098 0.300423 0.126953 0.090111
0 0.088867 0.300423 0.125977 0.096617
0 0.896240 0.196324 0.124512 0.091412
0 0.774902 0.197137 0.116211 0.093038
0 0.657227 0.195999 0.115234 0.092062
0 0.549072 0.202180 0.094238 0.080351
0 0.435791 0.198439 0.118652 0.091737
0 0.314209 0.199089 0.121582 0.089785
0 0.191406 0.195999 0.113281 0.092062
0 0.066162 0.197625 0.124512 0.089460
0 0.766602 0.095641 0.121094 0.094340
0 0.633301 0.093201 0.125977 0.099870
0 0.501709 0.091249 0.118652 0.101171
0 0.372314 0.092713 0.124512 0.100195
0 0.226562 0.092388 0.131836 0.100846
0 0.088135 0.089297 0.127441 0.109629
0 0.733154 0.397202 0.118652 0.090436
0 0.872070 0.495446 0.121094 0.089785
0 0.738770 0.484548 0.134766 0.077098
0 0.600830 0.486988 0.123535 0.087833
0 0.410400 0.890534 0.123535 0.106376
0 0.280518 0.891672 0.121582 0.102798
0 0.116455 0.897202 0.211426 0.091737
0 0.444824 0.596779 0.123047 0.090111
0 0.693604 0.596942 0.121582 0.091737
