0 0.906738 0.902220 0.113281 0.088475
0 0.793213 0.903036 0.110840 0.086843
0 0.558350 0.901241 0.114746 0.088475
0 0.439209 0.901894 0.110840 0.087822
0 0.090576 0.901404 0.112793 0.089455
0 0.909424 0.800686 0.109863 0.085864
0 0.789551 0.799706 0.109375 0.087169
0 0.675781 0.799216 0.111328 0.088802
0 0.559326 0.798563 0.111816 0.086190
0 0.443115 0.798727 0.113770 0.088475
0 0.324463 0.797258 0.113770 0.087496
0 0.207520 0.798237 0.112305 0.086843
0 0.091797 0.798727 0.112305 0.087822
0 0.912354 0.699478 0.111816 0.085864
0 0.794189 0.699151 0.110840 0.087822
0 0.440430 0.697519 0.114258 0.086516
0 0.324463 0.698008 0.107910 0.088802
0 0.210205 0.697519 0.109863 0.087822
0 0.090332 0.698498 0.108398 0.087822
0 0.790771 0.600065 0.111816 0.088149
0 0.673340 0.600229 0.111328 0.086516
0 0.560791 0.598923 0.109863 0.086516
0 0.446777 0.599576 0.108398 0.087169
0 0.325195 0.599412 0.109375 0.085537
0 0.212158 0.600065 0.107910 0.086190
0 0.095215 0.599739 0.112305 0.088149
0 0.917725 0.498531 0.111816 0.087496
0 0.798828 0.497878 0.114258 0.086843
0 0.675049 0.497225 0.114746 0.088802
0 0.519775 0.493797 0.189941 0.093699
0 0.328857 0.494450 0.190918 0.093699
0 0.134521 0.493797 0.189941 0.094352
0 0.802490 0.398302 0.111816 0.088149
0 0.681396 0.397813 0.111816 0.090434
0 0.437988 0.399119 0.109375 0.086516
0 0.322510 0.398792 0.111816 0.088475
0 0.205078 0.399119 0.108398 0.087169
0 0.092773 0.396996 0.112305 0.088149
0 0.911865 0.301012 0.108887 0.086843
0 0.793457 0.300849 0.107422 0.085211
0 0.682617 0.300522 0.110352 0.085864
0 0.564941 0.301339 0.109375 0.086843
0 0.447021 0.300686 0.109863 0.087496
0 0.324463 0.300359 0.113770 0.088802
0 0.208496 0.301339 0.109375 0.087496
0 0.089111 0.300359 0.113770 0.085537
0 0.727051 0.192458 0.130859 0.102187
0 0.588623 0.191805 0.132324 0.102840
0 0.452637 0.192295 0.127930 0.103820
0 0.320801 0.191316 0.129883 0.102514
0 0.186035 0.192785 0.128906 0.104146
0 0.729004 0.089944 0.126953 0.102840
0 0.594238 0.089944 0.125977 0.100881
0 0.453125 0.087986 0.128906 0.102187
0 0.321533 0.088965 0.126465 0.102187
0 0.189209 0.089618 0.130371 0.100881
0 0.910889 0.190826 0.131348 0.103493
0 0.551270 0.397323 0.111328 0.086843
0 0.551758 0.697029 0.109375 0.086190
0 0.209229 0.899771 0.113770 0.086190
0 0.324951 0.901241 0.109863 0.087169
0 0.916992 0.398629 0.109375 0.087496
