0 0.779053 0.899967 0.112793 0.087977
0 0.660889 0.901271 0.111816 0.089280
0 0.542236 0.901922 0.113770 0.087977
0 0.425537 0.899804 0.110840 0.089606
0 0.312744 0.901108 0.112793 0.086999
0 0.193604 0.902737 0.109863 0.086347
0 0.074463 0.903063 0.109863 0.087651
0 0.893066 0.797328 0.114258 0.088628
0 0.779541 0.797817 0.111816 0.087651
0 0.663330 0.798794 0.110840 0.086347
0 0.541504 0.798794 0.108398 0.085044
0 0.425781 0.799446 0.111328 0.085696
0 0.307373 0.798957 0.116699 0.086673
0 0.081299 0.806940 0.129395 0.073965
0 0.885254 0.704464 0.135742 0.071685
0 0.654541 0.698273 0.111816 0.085370
0 0.420410 0.697621 0.109375 0.089280
0 0.304932 0.699739 0.114746 0.087651
0 0.188721 0.699088 0.114746 0.087651
0 0.074951 0.700065 0.113770 0.088302
0 0.190186 0.602639 0.109863 0.087651
0 0.073975 0.600521 0.111816 0.088628
0 0.885010 0.497882 0.113770 0.088628
0 0.775146 0.496090 0.110840 0.088954
0 0.660889 0.498208 0.112793 0.086673
0 0.547363 0.499185 0.114258 0.086673
0 0.435059 0.498208 0.112305 0.086673
0 0.315186 0.498697 0.112793 0.088302
0 0.192139 0.499674 0.112793 0.085044
0 0.074707 0.499022 0.112305 0.086347
0 0.833252 0.398990 0.217285 0.091561
0 0.553467 0.399642 0.112793 0.089606
0 0.438477 0.399804 0.112305 0.088628
0 0.318359 0.400456 0.110352 0.085370
0 0.193359 0.401760 0.113281 0.086673
0 0.078613 0.400782 0.114258 0.087977
0 0.893066 0.302379 0.113281 0.086022
0 0.780762 0.301238 0.110352 0.086999
0 0.669678 0.300912 0.109863 0.086347
0 0.559082 0.301890 0.110352 0.086347
0 0.448486 0.302542 0.109863 0.085696
0 0.333984 0.302542 0.112305 0.086347
0 0.217041 0.303356 0.121582 0.086673
0 0.083008 0.310525 0.129883 0.074943
0 0.808838 0.207397 0.132324 0.072662
0 0.678467 0.201206 0.109863 0.085696
0 0.565674 0.201369 0.109863 0.087325
0 0.449951 0.201694 0.110840 0.089932
0 0.327393 0.203324 0.110840 0.086673
0 0.210938 0.202835 0.110352 0.085696
0 0.082520 0.202183 0.115234 0.087651
0 0.738525 0.091398 0.128418 0.100684
0 0.612061 0.092375 0.126465 0.102639
0 0.480713 0.092538 0.127441 0.101010
0 0.348389 0.091887 0.128418 0.101662
0 0.219482 0.091724 0.123535 0.102639
0 0.086914 0.091235 0.128906 0.102965
0 0.308594 0.600521 0.111328 0.087325
0 0.522705 0.606712 0.130371 0.074291
0 0.658203 0.592212 0.129883 0.102639
0 0.801758 0.592538 0.125000 0.104594
0 0.308594 0.600521 0.111328 0.087325
0 0.522705 0.606712 0.130371 0.074291
0 0.658203 0.592212 0.129883 0.102639
0 0.801758 0.592538 0.125000 0.104594
0 0.895996 0.902248 0.112305 0.086673
0 0.533447 0.698110 0.111816 0.086999
