0 0.677002 0.796025 0.118652 0.090583
0 0.561523 0.798143 0.112305 0.086347
0 0.447021 0.798631 0.111816 0.087325
0 0.329590 0.799283 0.111328 0.087977
0 0.212891 0.799446 0.111328 0.088302
0 0.096680 0.798794 0.110352 0.088954
0 0.335205 0.699902 0.112793 0.089932
0 0.215576 0.698599 0.110840 0.087977
0 0.102051 0.697621 0.115234 0.089932
0 0.683594 0.599055 0.113281 0.085696
0 0.565674 0.598078 0.119629 0.086347
0 0.450195 0.598403 0.112305 0.086347
0 0.336182 0.599870 0.112793 0.087977
0 0.213867 0.598892 0.121094 0.089932
0 0.098389 0.599544 0.112793 0.087325
0 0.685547 0.496579 0.117188 0.087325
0 0.567383 0.498045 0.112305 0.086347
0 0.446533 0.496416 0.107910 0.085044
0 0.338623 0.497393 0.114746 0.086347
0 0.222168 0.497393 0.111328 0.085696
0 0.102051 0.498860 0.112305 0.087325
0 0.917725 0.399642 0.112793 0.089606
0 0.802490 0.399479 0.115723 0.087977
0 0.678467 0.400456 0.116699 0.088628
0 0.457275 0.400456 0.113770 0.088628
0 0.341553 0.399479 0.116699 0.087977
0 0.224609 0.400619 0.117188 0.089606
0 0.101807 0.401922 0.111816 0.088954
0 0.896240 0.291626 0.136230 0.111437
0 0.752930 0.292766 0.134766 0.109156
0 0.545654 0.300261 0.160645 0.090909
0 0.382568 0.302216 0.157715 0.091561
0 0.229492 0.303682 0.111328 0.086022
0 0.108154 0.304497 0.118652 0.088302
0 0.865967 0.191430 0.114746 0.089606
0 0.746094 0.195829 0.113281 0.086673
0 0.624023 0.196318 0.119141 0.088954
0 0.359131 0.202346 0.199707 0.087977
0 0.149902 0.202835 0.201172 0.089606
0 0.887207 0.103291 0.154297 0.085370
0 0.676758 0.102802 0.215820 0.087651
0 0.490723 0.103128 0.156250 0.086999
0 0.347412 0.095145 0.133301 0.101662
0 0.203857 0.079993 0.134277 0.133920
0 0.795654 0.597426 0.108887 0.086347
0 0.866455 0.687357 0.157715 0.109156
0 0.564209 0.697458 0.112793 0.089606
0 0.451172 0.697621 0.113281 0.087325
0 0.797852 0.796351 0.111328 0.089932
0 0.910156 0.794721 0.113281 0.088628
0 0.087158 0.902574 0.117676 0.090583
