0 0.818359 0.900781 0.169922 0.087833
0 0.628418 0.901594 0.166992 0.086207
0 0.452637 0.899154 0.160156 0.091087
0 0.279297 0.899642 0.165039 0.095316
0 0.100830 0.900130 0.174316 0.091087
0 0.862061 0.789850 0.201660 0.089785
0 0.656494 0.790338 0.196777 0.091412
0 0.495850 0.798471 0.129395 0.073845
0 0.364990 0.800748 0.130371 0.075146
0 0.227539 0.800423 0.135742 0.075146
0 0.889648 0.696975 0.136719 0.079701
0 0.750244 0.697300 0.130371 0.074496
0 0.550293 0.692095 0.112305 0.088809
0 0.430420 0.693722 0.108887 0.088809
0 0.316162 0.693071 0.111816 0.088809
0 0.192383 0.693884 0.112305 0.091737
0 0.070312 0.695673 0.114258 0.091412
0 0.905518 0.590924 0.112793 0.090761
0 0.784912 0.593038 0.109863 0.088484
0 0.669189 0.592550 0.108887 0.086858
0 0.552002 0.593526 0.110840 0.086858
0 0.435547 0.593852 0.114258 0.088809
0 0.314209 0.595478 0.109863 0.087508
0 0.190918 0.594990 0.114258 0.089135
0 0.073486 0.595804 0.108887 0.086207
0 0.905273 0.490891 0.112305 0.085882
0 0.787354 0.491217 0.112793 0.087833
0 0.671387 0.493169 0.113281 0.086532
0 0.554932 0.492193 0.112793 0.086532
0 0.437256 0.491867 0.113770 0.089135
0 0.317627 0.491542 0.109863 0.087183
0 0.195801 0.494144 0.117188 0.085231
0 0.074463 0.492355 0.109863 0.088809
0 0.807129 0.369876 0.137695 0.130774
0 0.664795 0.366298 0.134277 0.140534
0 0.533203 0.372316 0.132812 0.131100
0 0.387939 0.372804 0.139160 0.133377
0 0.240723 0.374268 0.138672 0.133051
0 0.087646 0.375732 0.150879 0.132726
0 0.852539 0.194697 0.198242 0.088159
0 0.639160 0.193884 0.205078 0.093038
0 0.441650 0.195999 0.163574 0.092062
0 0.264404 0.196812 0.157715 0.091087
0 0.084717 0.197300 0.169434 0.087508
0 0.803955 0.083930 0.134277 0.109954
0 0.656006 0.085556 0.135254 0.109304
0 0.508545 0.087345 0.137207 0.105075
0 0.366699 0.084906 0.147461 0.120364
0 0.222900 0.085556 0.138184 0.108003
0 0.081543 0.086532 0.142578 0.113208
