0 0.853760 0.877081 0.139160 0.134182
0 0.696777 0.877571 0.137695 0.133203
0 0.546631 0.877897 0.145996 0.133856
0 0.399170 0.875775 0.132324 0.138100
0 0.256104 0.878061 0.143066 0.132876
0 0.108643 0.876918 0.135254 0.141038
0 0.797607 0.698172 0.209473 0.091087
0 0.573486 0.695070 0.202637 0.095984
0 0.349365 0.697029 0.198730 0.088802
0 0.130859 0.698335 0.158203 0.091414
0 0.792480 0.597617 0.198242 0.095005
0 0.576416 0.596474 0.199707 0.090108
0 0.356201 0.598596 0.198730 0.091087
0 0.143311 0.596148 0.213379 0.094678
0 0.787354 0.495266 0.197754 0.094025
0 0.572021 0.495756 0.168457 0.092393
0 0.361328 0.496735 0.198242 0.087169
0 0.153320 0.495266 0.207031 0.092067
0 0.781250 0.397160 0.198242 0.095005
0 0.565918 0.398302 0.199219 0.091414
0 0.359131 0.397813 0.199707 0.090434
0 0.154541 0.398139 0.203613 0.092393
0 0.786133 0.299869 0.204102 0.093046
0 0.568604 0.297094 0.208496 0.096637
0 0.354004 0.298400 0.198242 0.090761
0 0.147949 0.298237 0.198242 0.099576
0 0.776123 0.198988 0.203613 0.092393
0 0.566895 0.196703 0.197266 0.093699
0 0.358398 0.197356 0.201172 0.094352
0 0.142090 0.194907 0.208008 0.098596
0 0.915527 0.076396 0.135742 0.132550
0 0.767578 0.074274 0.135742 0.129611
0 0.620361 0.074274 0.139160 0.130917
0 0.480957 0.086516 0.135742 0.108390
0 0.338867 0.087496 0.136719 0.106432
0 0.199463 0.087169 0.137207 0.107085
