0 0.305664 0.877322 0.137695 0.134572
0 0.116699 0.796188 0.202148 0.092212
0 0.839600 0.693874 0.200684 0.091561
0 0.630127 0.696318 0.201660 0.088628
0 0.446289 0.697621 0.125000 0.088628
0 0.320557 0.699251 0.108887 0.089932
0 0.202148 0.696644 0.109375 0.091235
0 0.078857 0.695341 0.112793 0.093190
0 0.830078 0.595308 0.174805 0.093842
0 0.664062 0.598240 0.106445 0.087325
0 0.545898 0.598240 0.111328 0.085370
0 0.429688 0.596285 0.111328 0.092538
0 0.317627 0.598729 0.109863 0.086999
0 0.202637 0.598078 0.114258 0.086347
0 0.079590 0.597263 0.114258 0.087977
0 0.867188 0.477028 0.187500 0.125122
0 0.700684 0.485826 0.143555 0.109482
0 0.548828 0.472955 0.138672 0.135223
0 0.394287 0.486315 0.136230 0.108504
0 0.244873 0.486478 0.139160 0.106875
0 0.100342 0.474096 0.136230 0.133594
0 0.862793 0.275986 0.138672 0.132291
0 0.715332 0.275823 0.141602 0.131965
0 0.566650 0.277289 0.145020 0.132942
0 0.419678 0.278267 0.139160 0.130987
0 0.256348 0.255621 0.159180 0.176279
0 0.082275 0.279081 0.141113 0.134572
0 0.643311 0.084066 0.316895 0.106875
0 0.305420 0.085044 0.261230 0.112740
0 0.085693 0.086673 0.138184 0.107527
0 0.124023 0.897035 0.196289 0.093842
0 0.457275 0.796839 0.167480 0.088302
0 0.624512 0.797002 0.111328 0.089280
0 0.770264 0.791952 0.112793 0.095471
0 0.894043 0.788856 0.126953 0.102313
0 0.838379 0.895243 0.203125 0.094167
0 0.631104 0.897687 0.171387 0.092538
0 0.458496 0.897849 0.158203 0.093516
