0 0.902832 0.899675 0.115234 0.087013
0 0.664551 0.899188 0.111328 0.086039
0 0.436768 0.897890 0.109863 0.088636
0 0.324951 0.899026 0.109863 0.085714
0 0.213379 0.899026 0.110352 0.086364
0 0.093994 0.899838 0.109863 0.086039
0 0.902588 0.795617 0.110840 0.088636
0 0.784668 0.796591 0.107422 0.085390
0 0.666016 0.796753 0.111328 0.085714
0 0.548828 0.796591 0.109375 0.085390
0 0.436279 0.795942 0.106934 0.083442
0 0.325928 0.796591 0.108887 0.087338
0 0.208984 0.796753 0.109375 0.084416
0 0.094971 0.796753 0.110840 0.086364
0 0.660645 0.697403 0.109375 0.087013
0 0.541748 0.695292 0.114746 0.087338
0 0.203613 0.695617 0.113281 0.086688
0 0.089844 0.695942 0.111328 0.086688
0 0.897217 0.596266 0.110840 0.087338
0 0.778320 0.598214 0.108398 0.087987
0 0.659424 0.598701 0.109863 0.087013
0 0.543945 0.596591 0.108398 0.086688
0 0.429932 0.596753 0.108887 0.087662
0 0.317871 0.598214 0.108398 0.084740
0 0.204346 0.597403 0.107910 0.085714
0 0.089111 0.598377 0.108887 0.085065
0 0.903320 0.495292 0.111328 0.084740
0 0.785889 0.495292 0.106934 0.084091
0 0.666260 0.495292 0.111816 0.086688
0 0.554932 0.495130 0.108887 0.085065
0 0.444824 0.496104 0.111328 0.085714
0 0.316162 0.497240 0.109863 0.086039
0 0.207520 0.496266 0.108398 0.087338
0 0.087891 0.495130 0.112305 0.087662
0 0.903320 0.399188 0.107422 0.086688
0 0.787109 0.399188 0.108398 0.085390
0 0.670654 0.398052 0.109863 0.086364
0 0.553223 0.398052 0.107422 0.084416
0 0.439697 0.396591 0.105957 0.086039
0 0.319336 0.398214 0.107422 0.084740
0 0.202881 0.397078 0.109863 0.088961
0 0.085693 0.397403 0.107910 0.085065
0 0.902832 0.300649 0.110352 0.086364
0 0.788818 0.298864 0.109863 0.086039
0 0.791504 0.200325 0.110352 0.087662
0 0.554199 0.300000 0.115234 0.085714
0 0.437988 0.300325 0.112305 0.087662
0 0.318604 0.300812 0.107910 0.087987
0 0.431641 0.696429 0.108398 0.085714
0 0.088135 0.299675 0.108887 0.087013
0 0.672607 0.200974 0.115723 0.088312
0 0.564453 0.200000 0.110352 0.088961
0 0.449219 0.198539 0.107422 0.086039
0 0.333740 0.199513 0.107910 0.084740
0 0.213867 0.198701 0.107422 0.088312
0 0.099121 0.200162 0.107422 0.086688
0 0.912109 0.100812 0.112305 0.087338
0 0.797363 0.101136 0.114258 0.088636
0 0.682373 0.100162 0.110840 0.087987
0 0.564697 0.100325 0.115723 0.085065
0 0.450928 0.101461 0.109863 0.086039
0 0.340576 0.099513 0.108887 0.091883
0 0.224609 0.099513 0.106445 0.086688
0 0.780518 0.696591 0.112793 0.087338
0 0.900391 0.696753 0.109375 0.087013
0 0.315430 0.695942 0.109375 0.087338
0 0.780029 0.899026 0.111816 0.088312
0 0.543945 0.898377 0.110352 0.087013
