0 0.885498 0.896828 0.110840 0.085350
0 0.768799 0.898136 0.111816 0.086658
0 0.649414 0.896991 0.107422 0.086331
0 0.534180 0.897155 0.110352 0.089274
0 0.314941 0.896501 0.110352 0.087312
0 0.198730 0.896828 0.113281 0.086004
0 0.073975 0.896664 0.111816 0.085023
0 0.885498 0.795455 0.116699 0.086004
0 0.760254 0.795455 0.108398 0.086004
0 0.642334 0.796599 0.105957 0.085023
0 0.421143 0.794637 0.109863 0.085677
0 0.308594 0.794964 0.108398 0.086331
0 0.194336 0.793983 0.109375 0.086985
0 0.073242 0.791857 0.111328 0.091890
0 0.640381 0.695062 0.110840 0.085350
0 0.413818 0.696207 0.109863 0.084369
0 0.300781 0.694572 0.109375 0.085677
0 0.188477 0.694081 0.110352 0.086658
0 0.071777 0.694408 0.110352 0.086658
0 0.882812 0.595487 0.113281 0.091563
0 0.760254 0.594833 0.110352 0.085677
0 0.643066 0.595487 0.108398 0.086331
0 0.522705 0.596305 0.109863 0.086658
0 0.408203 0.594833 0.107422 0.087639
0 0.298096 0.595487 0.107910 0.086331
0 0.182129 0.594670 0.106445 0.086004
0 0.069336 0.594016 0.111328 0.087312
0 0.882812 0.494931 0.108398 0.088620
0 0.638916 0.493787 0.108887 0.085023
0 0.524414 0.494604 0.109375 0.086658
0 0.413574 0.494277 0.110352 0.085350
0 0.302246 0.494114 0.109375 0.085023
0 0.191895 0.493950 0.107422 0.085350
0 0.076172 0.493787 0.107422 0.086331
0 0.893066 0.396010 0.118164 0.090255
0 0.766846 0.396828 0.113770 0.085350
0 0.647217 0.397482 0.108887 0.087966
0 0.529053 0.396664 0.113770 0.085677
0 0.416016 0.396828 0.106445 0.087312
0 0.300537 0.396337 0.108887 0.086985
0 0.184082 0.396174 0.111328 0.087312
0 0.070068 0.392577 0.111816 0.087312
0 0.887451 0.299215 0.114746 0.088293
0 0.763428 0.298071 0.110840 0.086004
0 0.644043 0.299215 0.108398 0.086985
0 0.527832 0.299052 0.107422 0.084696
0 0.410645 0.298725 0.109375 0.086004
0 0.298096 0.298234 0.108887 0.086331
0 0.187500 0.299706 0.108398 0.086004
0 0.068604 0.299215 0.107910 0.088293
0 0.892090 0.198986 0.115234 0.086658
0 0.765381 0.200458 0.108887 0.085023
0 0.650146 0.199640 0.107910 0.087312
0 0.420166 0.198659 0.108887 0.088620
0 0.302979 0.198823 0.107910 0.088947
0 0.188232 0.199313 0.109863 0.084696
0 0.073730 0.198005 0.106445 0.086004
0 0.538818 0.099575 0.112793 0.087312
0 0.415039 0.099411 0.105469 0.085677
0 0.310059 0.099084 0.105469 0.086331
0 0.191895 0.099084 0.107422 0.086331
0 0.079102 0.099248 0.106445 0.086004
0 0.651855 0.099248 0.107422 0.085350
0 0.771729 0.099248 0.109863 0.086658
0 0.536133 0.199150 0.110352 0.085023
0 0.758789 0.494277 0.109375 0.087312
0 0.763428 0.695226 0.107910 0.085023
0 0.881348 0.694899 0.110352 0.089601
0 0.529785 0.792184 0.108398 0.091236
0 0.423096 0.897482 0.109863 0.085350
0 0.525391 0.695389 0.107422 0.084042
