0 0.220703 0.097915 0.110352 0.086347
0 0.334961 0.097589 0.112305 0.086999
0 0.446045 0.095634 0.107910 0.087651
0 0.554688 0.097100 0.110352 0.086022
0 0.675781 0.096123 0.110352 0.086673
0 0.793213 0.096774 0.109863 0.087325
0 0.916748 0.097100 0.110840 0.084718
0 0.099854 0.201531 0.110840 0.085696
0 0.214600 0.201857 0.108887 0.085044
0 0.327881 0.200554 0.110840 0.086999
0 0.443115 0.200228 0.107910 0.086999
0 0.559326 0.199739 0.110840 0.086673
0 0.681885 0.199251 0.109863 0.086999
0 0.796875 0.199413 0.108398 0.086673
0 0.914062 0.199251 0.108398 0.086347
0 0.100342 0.301401 0.109863 0.087325
0 0.333252 0.300912 0.107910 0.086347
0 0.441406 0.300587 0.108398 0.085696
0 0.557129 0.299935 0.110352 0.086999
0 0.674561 0.300261 0.109863 0.086999
0 0.791016 0.299935 0.108398 0.087651
0 0.914307 0.300749 0.106934 0.086022
0 0.101318 0.399967 0.109863 0.086347
0 0.218994 0.398338 0.111816 0.086347
0 0.333984 0.397035 0.112305 0.089606
0 0.443604 0.398990 0.106934 0.086347
0 0.554443 0.398338 0.109863 0.086999
0 0.669189 0.398175 0.108887 0.086022
0 0.790527 0.396383 0.108398 0.088954
0 0.916748 0.398012 0.108887 0.086347
0 0.096191 0.498371 0.107422 0.086347
0 0.212891 0.497556 0.107422 0.085370
0 0.331787 0.498045 0.106934 0.085044
0 0.441895 0.497556 0.109375 0.084718
0 0.551514 0.497067 0.108887 0.086347
0 0.665527 0.497393 0.110352 0.085696
0 0.784912 0.497067 0.108887 0.086347
0 0.910156 0.497230 0.109375 0.086673
0 0.094727 0.600196 0.113281 0.084718
0 0.210449 0.599707 0.111328 0.084392
0 0.326416 0.599218 0.108887 0.086022
0 0.437012 0.598892 0.109375 0.086673
0 0.550293 0.598240 0.110352 0.087977
0 0.663330 0.597752 0.110840 0.086999
0 0.781006 0.597915 0.110840 0.086673
0 0.907471 0.597589 0.109863 0.087325
0 0.095215 0.698762 0.113281 0.086347
0 0.214600 0.698436 0.109863 0.085696
0 0.332275 0.697296 0.109863 0.086673
0 0.442871 0.697133 0.109375 0.086347
0 0.555420 0.696970 0.111816 0.086022
0 0.666748 0.697458 0.107910 0.086999
0 0.785645 0.696970 0.110352 0.086022
0 0.909424 0.696155 0.109863 0.088302
0 0.095215 0.798957 0.110352 0.088628
0 0.206787 0.798469 0.110840 0.087651
0 0.327148 0.798143 0.110352 0.086999
0 0.441162 0.797328 0.109863 0.087325
0 0.552734 0.797980 0.107422 0.086022
0 0.666748 0.797165 0.108887 0.088302
0 0.782959 0.797165 0.109863 0.085696
0 0.914062 0.797002 0.111328 0.087977
0 0.098389 0.902574 0.108887 0.085370
0 0.212158 0.901922 0.112793 0.087977
0 0.328857 0.900456 0.110840 0.087651
0 0.441650 0.901760 0.108887 0.085696
0 0.554932 0.901434 0.111816 0.086347
0 0.671387 0.900782 0.111328 0.086347
0 0.792725 0.899316 0.109863 0.087977
0 0.919434 0.899479 0.109375 0.087651
