0 0.903076 0.698988 0.108887 0.086190
0 0.902100 0.903199 0.112793 0.087169
0 0.788818 0.901077 0.109863 0.088802
0 0.677734 0.901730 0.111328 0.086843
0 0.455078 0.902547 0.108398 0.085864
0 0.341553 0.903689 0.112793 0.086190
0 0.224854 0.903689 0.112793 0.086190
0 0.563477 0.903689 0.108398 0.084231
0 0.102539 0.902220 0.111328 0.086516
0 0.788330 0.798727 0.109863 0.085864
0 0.677002 0.798890 0.107910 0.086843
0 0.559326 0.799380 0.108887 0.085211
0 0.334961 0.799543 0.109375 0.086843
0 0.445557 0.758733 0.111816 0.166503
0 0.220215 0.799543 0.110352 0.086843
0 0.099121 0.798400 0.109375 0.087822
0 0.792480 0.700131 0.107422 0.085864
0 0.680420 0.699478 0.108887 0.084558
0 0.555664 0.699314 0.109375 0.084231
0 0.550537 0.600718 0.108887 0.088149
0 0.328857 0.699641 0.108887 0.085537
0 0.216309 0.698661 0.107422 0.086190
0 0.093262 0.698825 0.106445 0.084558
0 0.893311 0.600065 0.108887 0.088149
0 0.781738 0.602024 0.109375 0.084884
0 0.671143 0.499347 0.110840 0.085864
0 0.437012 0.601045 0.103516 0.086843
0 0.332764 0.601534 0.104980 0.085211
0 0.214355 0.520568 0.114258 0.247143
0 0.094482 0.521548 0.112793 0.244532
0 0.895508 0.498857 0.112305 0.084884
0 0.781494 0.498694 0.109863 0.087822
0 0.551270 0.499184 0.107422 0.084884
0 0.330811 0.499347 0.112793 0.085864
0 0.441650 0.498857 0.109863 0.086190
0 0.443359 0.397323 0.109375 0.092067
0 0.101562 0.202416 0.111328 0.086190
0 0.223877 0.203069 0.107910 0.086190
0 0.331787 0.303134 0.107910 0.085864
0 0.900635 0.396833 0.109863 0.092393
0 0.784912 0.398139 0.109863 0.093046
0 0.666748 0.397323 0.108887 0.090761
0 0.553223 0.398302 0.109375 0.093373
0 0.221436 0.302155 0.108887 0.085864
0 0.898438 0.298563 0.110352 0.092393
0 0.785645 0.297094 0.110352 0.093373
0 0.329590 0.098106 0.109375 0.087822
0 0.558350 0.302155 0.107910 0.085211
0 0.439453 0.302318 0.108398 0.086843
0 0.900391 0.201273 0.107422 0.086516
0 0.790039 0.201110 0.110352 0.086843
0 0.673340 0.201437 0.113281 0.086190
0 0.557861 0.202416 0.108887 0.084231
0 0.329102 0.201600 0.106445 0.087822
0 0.791016 0.098759 0.112305 0.087822
0 0.670898 0.098106 0.109375 0.087822
0 0.558105 0.098433 0.107422 0.087169
0 0.447754 0.097453 0.110352 0.087169
0 0.102539 0.099249 0.109375 0.086843
0 0.219971 0.098759 0.117676 0.086516
0 0.442139 0.200947 0.110840 0.087822
0 0.094238 0.302971 0.113281 0.086843
0 0.333496 0.396833 0.109375 0.092393
0 0.667969 0.601208 0.106445 0.085864
0 0.901855 0.795788 0.116211 0.092393
