0 0.229736 0.102354 0.109863 0.087639
0 0.348877 0.102518 0.108887 0.086658
0 0.468262 0.102518 0.109375 0.085350
0 0.587646 0.101210 0.106934 0.087312
0 0.697998 0.101373 0.107910 0.085677
0 0.819824 0.102354 0.110352 0.084369
0 0.936035 0.101210 0.108398 0.086004
0 0.109619 0.203074 0.112793 0.086985
0 0.229980 0.202747 0.107422 0.085023
0 0.347656 0.201766 0.110352 0.086985
0 0.467773 0.201275 0.108398 0.087966
0 0.581543 0.200785 0.109375 0.086985
0 0.814453 0.200131 0.108398 0.086331
0 0.928711 0.197188 0.108398 0.092871
0 0.101074 0.300523 0.110352 0.092217
0 0.224609 0.298234 0.109375 0.093525
0 0.461670 0.301341 0.109863 0.086004
0 0.582031 0.300850 0.111328 0.086331
0 0.697266 0.300523 0.111328 0.085677
0 0.815674 0.301014 0.109863 0.086658
0 0.929443 0.300033 0.109863 0.086004
0 0.100342 0.400589 0.109863 0.086331
0 0.228760 0.400916 0.109863 0.084369
0 0.349365 0.359712 0.113770 0.166122
0 0.465332 0.399281 0.109375 0.086331
0 0.583984 0.395683 0.111328 0.092217
0 0.699951 0.395520 0.109863 0.093852
0 0.814453 0.393394 0.109375 0.094833
0 0.928467 0.392086 0.111816 0.098103
0 0.096436 0.494604 0.109863 0.093852
0 0.211914 0.497874 0.108398 0.087312
0 0.338623 0.497874 0.107910 0.086004
0 0.459473 0.497220 0.110352 0.086004
0 0.577881 0.496566 0.108887 0.085350
0 0.692627 0.496730 0.109863 0.085023
0 0.810547 0.496403 0.111328 0.085677
0 0.925293 0.496239 0.110352 0.086004
0 0.101807 0.600556 0.108887 0.085350
0 0.212158 0.599738 0.109863 0.086331
0 0.337402 0.599575 0.109375 0.084696
0 0.458496 0.598430 0.111328 0.086331
0 0.575439 0.597613 0.109863 0.086658
0 0.809326 0.593035 0.110840 0.093852
0 0.928711 0.593035 0.110352 0.092544
0 0.102783 0.695226 0.112793 0.092217
0 0.214111 0.694735 0.107910 0.091890
0 0.332031 0.694081 0.110352 0.093198
0 0.462891 0.693591 0.110352 0.092217
0 0.574951 0.693591 0.109863 0.093525
0 0.689453 0.693754 0.108398 0.093198
0 0.803711 0.691138 0.109375 0.097776
0 0.090576 0.795782 0.109863 0.091890
0 0.208496 0.794801 0.108398 0.091890
0 0.324219 0.796109 0.111328 0.091236
0 0.455322 0.794474 0.142090 0.091890
0 0.582764 0.792511 0.112793 0.095814
0 0.696045 0.792675 0.111816 0.093525
0 0.805908 0.793492 0.111816 0.091890
0 0.924316 0.746893 0.114258 0.183126
0 0.106445 0.897482 0.114258 0.094506
0 0.240967 0.898136 0.111816 0.095160
0 0.357422 0.897155 0.111328 0.095160
0 0.472656 0.896337 0.113281 0.093525
0 0.585205 0.895847 0.109863 0.092544
0 0.697510 0.896010 0.107910 0.092871
0 0.812500 0.895193 0.111328 0.095160
0 0.926758 0.894702 0.107422 0.093525
