0 0.314453 0.096937 0.111328 0.092864
0 0.426758 0.097263 0.111328 0.092864
0 0.790527 0.098240 0.110352 0.093516
0 0.078125 0.254643 0.115234 0.180841
0 0.258545 0.197458 0.214355 0.091887
0 0.422607 0.196807 0.109863 0.092538
0 0.544189 0.196318 0.111816 0.094167
0 0.663086 0.195992 0.116211 0.092212
0 0.781738 0.197133 0.111328 0.091887
0 0.900146 0.195503 0.109863 0.093842
0 0.377930 0.297002 0.211914 0.092864
0 0.548340 0.297002 0.110352 0.092864
0 0.666504 0.296676 0.110352 0.093516
0 0.782471 0.296676 0.110840 0.093516
0 0.897949 0.296514 0.110352 0.093842
0 0.076904 0.396057 0.109863 0.092864
0 0.192139 0.396383 0.110840 0.091561
0 0.308105 0.394754 0.114258 0.095471
0 0.428467 0.395243 0.110840 0.093190
0 0.545654 0.395243 0.111816 0.093190
0 0.668457 0.395080 0.110352 0.093516
0 0.786621 0.394102 0.112305 0.092864
0 0.899414 0.394428 0.110352 0.092212
0 0.074951 0.493483 0.112793 0.092864
0 0.190186 0.492832 0.108887 0.094167
0 0.301758 0.492180 0.111328 0.092864
0 0.424316 0.492506 0.109375 0.093516
0 0.538086 0.492506 0.108398 0.092212
0 0.656250 0.492343 0.111328 0.093190
0 0.845947 0.491854 0.212402 0.094167
0 0.070557 0.595145 0.110840 0.094167
0 0.184570 0.594656 0.112305 0.091887
0 0.299805 0.594330 0.110352 0.093842
0 0.420654 0.594330 0.111816 0.092538
0 0.537354 0.594167 0.108887 0.093516
0 0.651367 0.593190 0.112305 0.093516
0 0.892822 0.593842 0.109863 0.092212
0 0.069092 0.694037 0.111816 0.092538
0 0.185059 0.694363 0.108398 0.092538
0 0.297363 0.693711 0.110352 0.093190
0 0.417969 0.693385 0.110352 0.093190
0 0.536865 0.693060 0.107910 0.093190
0 0.651367 0.693060 0.109375 0.093190
0 0.772461 0.692897 0.112305 0.093516
0 0.892090 0.692082 0.111328 0.093190
0 0.066406 0.792603 0.111328 0.091561
0 0.179932 0.792603 0.109863 0.093516
0 0.295654 0.793092 0.110840 0.091887
0 0.410400 0.792929 0.111816 0.093516
0 0.526367 0.792603 0.110352 0.092864
0 0.646729 0.793092 0.111816 0.093190
0 0.065674 0.896057 0.110840 0.091887
0 0.178955 0.895080 0.110840 0.093190
0 0.290771 0.895406 0.110840 0.093190
0 0.410645 0.895243 0.110352 0.092212
0 0.524414 0.895732 0.110352 0.093190
0 0.643066 0.895243 0.111328 0.094167
0 0.769287 0.895080 0.112793 0.093842
0 0.888916 0.792603 0.110840 0.092212
0 0.202881 0.298306 0.109863 0.094167
