0 0.788818 0.894362 0.220215 0.104342
0 0.545166 0.894848 0.219238 0.101426
0 0.364990 0.883182 0.130371 0.123461
0 0.157715 0.878808 0.266602 0.128970
0 0.537598 0.791478 0.214844 0.102074
0 0.777100 0.791964 0.219238 0.101102
0 0.915771 0.694750 0.155762 0.090084
0 0.684570 0.668179 0.300781 0.147764
0 0.445557 0.675794 0.153809 0.131238
0 0.287598 0.669313 0.156250 0.144200
0 0.120850 0.683409 0.179199 0.119248
0 0.146240 0.492223 0.249512 0.096565
0 0.338623 0.503727 0.138184 0.076798
0 0.468506 0.497732 0.119629 0.089436
0 0.586426 0.497084 0.117188 0.090084
0 0.702881 0.497570 0.119629 0.090408
0 0.817627 0.498542 0.109863 0.087816
0 0.931152 0.496922 0.119141 0.092353
0 0.899658 0.399384 0.187012 0.088464
0 0.676758 0.393227 0.251953 0.100778
0 0.417236 0.393714 0.245605 0.100454
0 0.162109 0.394524 0.246094 0.096241
0 0.802002 0.298445 0.217285 0.090732
0 0.578857 0.297634 0.219238 0.091056
0 0.359619 0.296824 0.212402 0.092029
0 0.144531 0.296176 0.214844 0.093325
0 0.801758 0.198963 0.216797 0.090084
0 0.576172 0.198639 0.218750 0.088788
0 0.354736 0.199449 0.216309 0.089112
0 0.137695 0.199287 0.217773 0.090084
0 0.787354 0.082793 0.154785 0.116980
0 0.633057 0.081659 0.153809 0.118600
0 0.480225 0.081659 0.151855 0.120544
0 0.326660 0.083441 0.152344 0.115036
0 0.173340 0.081983 0.155273 0.119896
