0 0.235840 0.074437 0.278320 0.145609
0 0.453369 0.076069 0.152832 0.140385
0 0.613770 0.073947 0.163086 0.140059
0 0.759521 0.074927 0.133301 0.141365
0 0.906494 0.074437 0.164551 0.137120
0 0.103760 0.206823 0.137207 0.078681
0 0.230957 0.199151 0.113281 0.091414
0 0.345459 0.199314 0.117676 0.091087
0 0.466553 0.199967 0.133301 0.076722
0 0.164551 0.299543 0.210938 0.091087
0 0.388184 0.299053 0.212891 0.088802
0 0.600830 0.273588 0.137207 0.141038
0 0.738037 0.266732 0.134277 0.154750
0 0.889893 0.266895 0.139160 0.155077
0 0.093994 0.400261 0.124512 0.088802
0 0.229492 0.398466 0.125000 0.088475
0 0.354492 0.397323 0.120117 0.088149
0 0.485107 0.397976 0.121582 0.087496
0 0.616699 0.396833 0.122070 0.089128
0 0.829834 0.396670 0.209473 0.092067
0 0.093994 0.497062 0.126465 0.087169
0 0.223145 0.495593 0.125000 0.088149
0 0.353271 0.495429 0.122559 0.089128
0 0.481201 0.495429 0.124512 0.088475
0 0.665527 0.494776 0.230469 0.086516
0 0.847900 0.494940 0.119629 0.088149
0 0.156738 0.597290 0.236328 0.085864
0 0.340332 0.595984 0.122070 0.086516
0 0.520264 0.596964 0.231934 0.089128
0 0.721191 0.595168 0.119141 0.090108
0 0.865479 0.595168 0.134277 0.092067
0 0.288818 0.689520 0.499512 0.101861
0 0.604492 0.693928 0.121094 0.090434
0 0.729736 0.693111 0.119629 0.094678
0 0.870361 0.693438 0.119629 0.089455
0 0.102051 0.789422 0.135742 0.080966
0 0.240234 0.787953 0.120117 0.090434
0 0.444580 0.795625 0.140137 0.077049
0 0.589600 0.793013 0.134277 0.079660
0 0.730469 0.794156 0.135742 0.077375
0 0.881104 0.787463 0.124512 0.101861
0 0.156982 0.889161 0.207520 0.111982
0 0.347900 0.891446 0.121582 0.104146
0 0.471680 0.889814 0.124023 0.101534
0 0.696777 0.885896 0.217773 0.110023
0 0.876465 0.890467 0.126953 0.104146
