0 0.824463 0.905833 0.130371 0.082763
0 0.681641 0.902900 0.138672 0.085370
0 0.551025 0.902085 0.121582 0.088302
0 0.428955 0.902248 0.122559 0.087977
0 0.308105 0.903389 0.120117 0.086999
0 0.183838 0.904040 0.120605 0.086999
0 0.062256 0.904203 0.120605 0.086673
0 0.067383 0.801075 0.124023 0.086999
0 0.187256 0.799446 0.117676 0.090257
0 0.306396 0.800261 0.120605 0.087325
0 0.427246 0.800261 0.123047 0.087325
0 0.546875 0.799772 0.122070 0.086347
0 0.664795 0.800098 0.119629 0.086347
0 0.784180 0.799283 0.120117 0.086673
0 0.903076 0.798143 0.121582 0.088954
0 0.903809 0.698762 0.125977 0.086999
0 0.781494 0.699902 0.118652 0.085370
0 0.663330 0.699413 0.120605 0.086999
0 0.544922 0.699902 0.120117 0.087325
0 0.427246 0.701206 0.119141 0.086022
0 0.311035 0.700228 0.118164 0.087325
0 0.191406 0.700554 0.120117 0.087977
0 0.071533 0.700717 0.121582 0.086347
0 0.075195 0.601336 0.120117 0.087651
0 0.191895 0.601825 0.118164 0.086673
0 0.310303 0.601010 0.118652 0.087651
0 0.427734 0.601173 0.120117 0.086673
0 0.546387 0.601499 0.119141 0.085370
0 0.666016 0.600684 0.120117 0.087651
0 0.785645 0.600521 0.119141 0.087325
0 0.902832 0.599218 0.121094 0.088628
0 0.900635 0.499185 0.121582 0.085370
0 0.780518 0.499185 0.120605 0.086022
0 0.660156 0.498534 0.119141 0.088628
0 0.540039 0.500326 0.119141 0.085696
0 0.421143 0.499674 0.117676 0.086347
0 0.305176 0.500000 0.118164 0.086999
0 0.085938 0.393451 0.133789 0.104594
0 0.219727 0.392636 0.132812 0.104920
0 0.358887 0.393125 0.131836 0.102639
0 0.495361 0.393288 0.133301 0.102313
0 0.629150 0.392636 0.133301 0.101662
0 0.758789 0.391333 0.133789 0.102965
0 0.888672 0.391170 0.133789 0.101336
0 0.874023 0.255132 0.155273 0.174650
0 0.581543 0.293581 0.260742 0.103617
0 0.296387 0.293744 0.214844 0.100033
0 0.103271 0.281688 0.154785 0.118931
0 0.683350 0.191593 0.193848 0.091235
0 0.466064 0.192734 0.215332 0.103291
0 0.269043 0.193548 0.176758 0.102313
0 0.754639 0.089443 0.136230 0.103943
0 0.617188 0.089443 0.136719 0.106549
0 0.478516 0.087814 0.137695 0.109156
0 0.294678 0.090094 0.216309 0.103943
0 0.104736 0.085044 0.155762 0.119257
