0 0.928467 0.894925 0.126465 0.094340
0 0.779053 0.892811 0.166504 0.097267
0 0.607422 0.894763 0.168945 0.095316
0 0.440430 0.896064 0.163086 0.095316
0 0.274414 0.901757 0.165039 0.087833
0 0.110107 0.898178 0.166504 0.097593
0 0.109863 0.794730 0.166992 0.095641
0 0.274658 0.793103 0.167480 0.096942
0 0.442627 0.796519 0.165527 0.088159
0 0.611572 0.796682 0.168457 0.087833
0 0.781494 0.790338 0.170410 0.097918
0 0.929688 0.793917 0.120117 0.088809
0 0.930908 0.690468 0.118652 0.097918
0 0.784424 0.691282 0.169434 0.095641
0 0.611328 0.696324 0.168945 0.088159
0 0.438477 0.695999 0.166992 0.088809
0 0.272949 0.694047 0.163086 0.096617
0 0.107910 0.699252 0.168945 0.086858
0 0.107666 0.600358 0.167480 0.087508
0 0.274902 0.599870 0.166992 0.084580
0 0.447998 0.598243 0.178223 0.085882
0 0.620117 0.597105 0.167969 0.086207
0 0.791260 0.595966 0.166504 0.087833
0 0.934326 0.593852 0.122559 0.088809
0 0.795410 0.490891 0.166016 0.094340
0 0.627686 0.491542 0.165527 0.096942
0 0.459961 0.492355 0.169922 0.097267
0 0.283691 0.497885 0.167969 0.087508
0 0.114258 0.494470 0.164062 0.096942
0 0.092773 0.401106 0.120117 0.087183
0 0.213867 0.399805 0.122070 0.087183
0 0.333984 0.399480 0.117188 0.085882
0 0.477295 0.393949 0.170410 0.094990
0 0.642090 0.397690 0.163086 0.087508
0 0.821533 0.393136 0.190918 0.095966
0 0.813232 0.294405 0.168457 0.096942
0 0.598877 0.296519 0.167480 0.094665
0 0.406494 0.296194 0.171387 0.097267
0 0.237061 0.267567 0.131348 0.157124
0 0.101074 0.268380 0.132812 0.155498
0 0.405029 0.196812 0.170410 0.095641
0 0.593506 0.195511 0.170410 0.096942
0 0.811523 0.194860 0.167969 0.096942
0 0.867920 0.087508 0.133301 0.112557
0 0.724609 0.088159 0.143555 0.111256
0 0.584473 0.089785 0.129883 0.112557
0 0.444824 0.089785 0.141602 0.111256
0 0.306641 0.090436 0.131836 0.111906
0 0.166260 0.091737 0.142090 0.112557
