0 0.205811 0.101773 0.139160 0.112278
0 0.365479 0.079613 0.165527 0.140840
0 0.536621 0.087163 0.168945 0.142810
0 0.758057 0.085194 0.265137 0.140840
0 0.120361 0.287590 0.168457 0.140512
0 0.301514 0.267400 0.164551 0.180236
0 0.507568 0.283158 0.217285 0.146093
0 0.696777 0.287590 0.167969 0.139856
0 0.862793 0.265758 0.174805 0.182206
0 0.793945 0.463723 0.216797 0.145437
0 0.597656 0.464051 0.150391 0.144123
0 0.426025 0.468976 0.165527 0.139527
0 0.187256 0.466185 0.286621 0.146422
0 0.153076 0.598654 0.227051 0.111950
0 0.385498 0.598982 0.227051 0.112607
0 0.626953 0.597505 0.225586 0.112278
0 0.864502 0.596684 0.230957 0.113263
0 0.844238 0.782502 0.145508 0.144123
0 0.661865 0.784471 0.167480 0.141497
0 0.485840 0.780039 0.166992 0.151018
0 0.293701 0.785292 0.166504 0.139199
0 0.125977 0.776921 0.170898 0.155286
0 0.129395 0.909389 0.166016 0.092580
0 0.322266 0.908569 0.165039 0.092252
0 0.474609 0.907255 0.117188 0.091596
0 0.594971 0.906435 0.115723 0.092580
0 0.714355 0.906763 0.117188 0.093237
0 0.880859 0.905778 0.166016 0.091267
