0 0.102783 0.092388 0.168457 0.139232
0 0.280518 0.091574 0.168457 0.140859
0 0.445801 0.084418 0.138672 0.153221
0 0.588867 0.104262 0.140625 0.113533
0 0.749756 0.090273 0.166504 0.141509
0 0.880615 0.215355 0.166504 0.091087
0 0.720703 0.221047 0.137695 0.081002
0 0.536621 0.214867 0.222656 0.092713
0 0.341553 0.214867 0.164551 0.094665
0 0.140137 0.215517 0.228516 0.094014
0 0.107422 0.380774 0.166016 0.153221
0 0.306641 0.385654 0.210938 0.142811
0 0.502686 0.386467 0.168457 0.140534
0 0.657471 0.385491 0.138184 0.141184
0 0.819580 0.383539 0.150879 0.143787
0 0.893066 0.510735 0.122070 0.093038
0 0.757812 0.506831 0.121094 0.100846
0 0.637451 0.510573 0.115723 0.092713
0 0.519043 0.510410 0.115234 0.091087
0 0.376953 0.517404 0.137695 0.080351
0 0.230957 0.518217 0.139648 0.080677
0 0.087158 0.518705 0.140137 0.079050
0 0.103027 0.682173 0.169922 0.154196
0 0.278809 0.687378 0.165039 0.141184
0 0.455078 0.688029 0.167969 0.139883
0 0.631592 0.681360 0.174316 0.155823
0 0.808838 0.682173 0.170410 0.152245
0 0.792969 0.887118 0.269531 0.140534
0 0.565430 0.867599 0.171875 0.180221
0 0.332764 0.885329 0.268066 0.139558
0 0.098877 0.886304 0.174316 0.143461
