0 0.234375 0.098818 0.214844 0.116875
0 0.443848 0.079448 0.170898 0.153644
0 0.649414 0.100624 0.224609 0.111950
0 0.895752 0.085030 0.169434 0.140512
0 0.869385 0.262968 0.174316 0.179908
0 0.644043 0.296783 0.265625 0.111622
0 0.367432 0.296947 0.268066 0.114576
0 0.135498 0.278234 0.168457 0.153316
0 0.137695 0.405614 0.225586 0.093565
0 0.366455 0.407420 0.224121 0.093894
0 0.565674 0.403480 0.169434 0.095207
0 0.736572 0.400525 0.168457 0.093894
0 0.910156 0.406435 0.166016 0.092580
0 0.905762 0.503119 0.137695 0.080433
0 0.686035 0.501641 0.280273 0.103743
0 0.412109 0.506566 0.265625 0.093237
0 0.156738 0.506566 0.226562 0.093894
0 0.124756 0.609488 0.165527 0.092909
0 0.293945 0.608339 0.165039 0.092580
0 0.451904 0.615890 0.137207 0.081418
0 0.585205 0.608995 0.114746 0.091924
0 0.439209 0.710276 0.159668 0.091596
0 0.282471 0.706829 0.147949 0.098490
0 0.404541 0.900361 0.139160 0.112607
0 0.258301 0.900525 0.137695 0.112278
0 0.113281 0.901018 0.138672 0.112607
0 0.731689 0.614905 0.138184 0.080762
0 0.899658 0.601280 0.135254 0.109980
