0 0.109863 0.088321 0.132812 0.142811
0 0.275391 0.096617 0.179688 0.124919
0 0.482422 0.097918 0.181641 0.124919
0 0.722656 0.105563 0.224609 0.111581
0 0.800537 0.217306 0.217285 0.087183
0 0.462402 0.216981 0.419922 0.087833
0 0.134033 0.217306 0.210449 0.084580
0 0.351562 0.316038 0.211914 0.086207
0 0.565918 0.315387 0.210938 0.086207
0 0.802002 0.316038 0.211426 0.086858
0 0.894531 0.484710 0.132812 0.145088
0 0.733154 0.506669 0.170410 0.101171
0 0.538330 0.485849 0.133301 0.142160
0 0.380127 0.484548 0.137207 0.143461
0 0.239746 0.482921 0.135742 0.148666
0 0.094482 0.485524 0.136230 0.144763
0 0.084229 0.688029 0.131348 0.139883
0 0.218262 0.687053 0.136719 0.141835
0 0.359375 0.686727 0.133789 0.141184
0 0.493408 0.686727 0.130371 0.141184
0 0.635010 0.685751 0.138184 0.144437
0 0.838379 0.684288 0.250977 0.144112
0 0.813232 0.807905 0.210449 0.099870
0 0.585205 0.810995 0.216309 0.093038
0 0.351807 0.812459 0.211426 0.089460
0 0.128906 0.911353 0.222656 0.092713
0 0.355225 0.911191 0.222168 0.090436
0 0.591309 0.909239 0.219727 0.093689
0 0.815674 0.909889 0.220215 0.094990
0 0.125732 0.810507 0.214355 0.090111
0 0.132568 0.316688 0.216309 0.088159
