0 0.144043 0.099576 0.162109 0.120144
0 0.327637 0.098596 0.159180 0.120797
0 0.475586 0.106595 0.131836 0.106758
0 0.771240 0.095658 0.159668 0.125367
0 0.905762 0.215312 0.112305 0.088475
0 0.782471 0.216618 0.109863 0.085864
0 0.673340 0.216128 0.113281 0.087496
0 0.562256 0.217107 0.110840 0.085537
0 0.447021 0.215638 0.114746 0.091740
0 0.332275 0.216944 0.113770 0.087169
0 0.219482 0.216618 0.116699 0.087822
0 0.097168 0.215638 0.116211 0.086516
0 0.092529 0.312439 0.113770 0.088802
0 0.215820 0.312439 0.113281 0.087496
0 0.334961 0.311949 0.110352 0.087169
0 0.447510 0.311133 0.108887 0.086843
0 0.556641 0.311296 0.110352 0.087169
0 0.670410 0.311786 0.113281 0.088149
0 0.787109 0.310317 0.109375 0.087169
0 0.907959 0.310317 0.108887 0.088475
0 0.900391 0.408586 0.116211 0.087822
0 0.776611 0.409892 0.112793 0.087169
0 0.666748 0.410056 0.111816 0.086190
0 0.558594 0.410382 0.112305 0.087496
0 0.443359 0.410708 0.109375 0.086190
0 0.331787 0.411035 0.110840 0.087496
0 0.215820 0.411361 0.114258 0.086843
0 0.086182 0.411851 0.110840 0.087822
0 0.084717 0.512733 0.114746 0.086516
0 0.202637 0.512733 0.112305 0.087169
0 0.318604 0.512243 0.106934 0.086843
0 0.423340 0.510937 0.108398 0.087496
0 0.531494 0.511263 0.111816 0.086190
0 0.667969 0.511590 0.111328 0.086843
0 0.788330 0.510937 0.111816 0.086843
0 0.907959 0.510611 0.111816 0.086190
0 0.904053 0.613124 0.110840 0.085537
0 0.786865 0.612308 0.111816 0.085211
0 0.676270 0.613451 0.110352 0.086190
0 0.559570 0.611982 0.113281 0.085211
0 0.442383 0.612798 0.109375 0.085537
0 0.322998 0.612308 0.110840 0.086516
0 0.203369 0.613288 0.111816 0.087822
0 0.083984 0.614267 0.114258 0.087169
0 0.096924 0.787137 0.131348 0.143650
0 0.248291 0.785831 0.130371 0.144956
0 0.401123 0.784035 0.132324 0.143976
0 0.584717 0.706007 0.132324 0.100229
0 0.778564 0.711557 0.229004 0.093046
0 0.583252 0.807052 0.130371 0.099902
0 0.775391 0.810317 0.218750 0.090761
0 0.777344 0.909729 0.215820 0.093046
0 0.547852 0.909729 0.216797 0.094352
0 0.327148 0.913157 0.153320 0.089455
0 0.145020 0.912831 0.158203 0.086190
