0 0.211914 0.089777 0.169922 0.134993
0 0.379150 0.084862 0.144043 0.148755
0 0.529541 0.084862 0.136230 0.144823
0 0.684326 0.081913 0.154785 0.154653
0 0.853760 0.103375 0.171387 0.107143
0 0.828613 0.213139 0.211914 0.090105
0 0.603027 0.214122 0.213867 0.086828
0 0.370605 0.213630 0.215820 0.093709
0 0.138184 0.215105 0.213867 0.087484
0 0.132080 0.381389 0.146973 0.144823
0 0.302734 0.386140 0.175781 0.135321
0 0.482422 0.397608 0.134766 0.112385
0 0.619385 0.402031 0.132324 0.102883
0 0.759033 0.401868 0.133301 0.102556
0 0.896484 0.402851 0.137695 0.101245
0 0.828613 0.500491 0.212891 0.088794
0 0.609863 0.507700 0.156250 0.092726
0 0.421631 0.508519 0.215332 0.089122
0 0.179443 0.511304 0.212402 0.086828
0 0.179688 0.605832 0.217773 0.093054
0 0.413330 0.607634 0.217285 0.097313
0 0.602051 0.603047 0.135742 0.104522
0 0.737549 0.603211 0.132324 0.102883
0 0.886963 0.601409 0.137207 0.105177
0 0.114990 0.798165 0.132324 0.108126
0 0.262695 0.802097 0.136719 0.102883
0 0.423096 0.803899 0.129395 0.104522
0 0.563232 0.802425 0.129395 0.104194
0 0.698486 0.802752 0.132324 0.104849
0 0.848389 0.779325 0.134277 0.150393
