0 0.131348 0.107201 0.140625 0.106224
0 0.296143 0.108179 0.135254 0.104920
0 0.433350 0.108504 0.134277 0.104268
0 0.582764 0.104431 0.146973 0.110459
0 0.772949 0.114044 0.215820 0.093842
0 0.824219 0.215217 0.119141 0.092864
0 0.699951 0.215217 0.118652 0.091561
0 0.580811 0.213913 0.115723 0.090909
0 0.450928 0.215543 0.120605 0.091561
0 0.324219 0.216031 0.115234 0.091235
0 0.196289 0.216031 0.113281 0.089280
0 0.060791 0.217172 0.118652 0.092212
0 0.068359 0.315575 0.115234 0.090909
0 0.196777 0.313457 0.114258 0.091887
0 0.327393 0.314923 0.111816 0.090257
0 0.439697 0.316064 0.113770 0.087977
0 0.550781 0.310688 0.116211 0.089606
0 0.676758 0.315249 0.116211 0.090909
0 0.791992 0.314435 0.115234 0.091235
0 0.909912 0.314761 0.120605 0.090583
0 0.908691 0.410394 0.117188 0.090257
0 0.767822 0.410720 0.154785 0.092864
0 0.606201 0.418703 0.140137 0.076246
0 0.416992 0.415119 0.191406 0.079505
0 0.241455 0.411698 0.155762 0.092864
0 0.067871 0.412512 0.112305 0.091887
0 0.065430 0.513685 0.121094 0.090257
0 0.193115 0.513848 0.115723 0.089932
0 0.320801 0.512708 0.116211 0.090257
0 0.440918 0.512056 0.113281 0.090257
0 0.558594 0.511893 0.115234 0.090583
0 0.674072 0.511730 0.117676 0.088954
0 0.788330 0.512382 0.110840 0.090909
0 0.907715 0.511893 0.113281 0.092538
0 0.757568 0.611111 0.219238 0.093516
0 0.523193 0.610459 0.226074 0.092864
0 0.288574 0.609156 0.214844 0.089606
0 0.286865 0.700065 0.216309 0.090257
0 0.461670 0.710166 0.136230 0.076572
0 0.602051 0.710981 0.133789 0.078201
0 0.749023 0.707559 0.139648 0.082437
0 0.886719 0.713750 0.118164 0.090909
0 0.293945 0.803356 0.214844 0.107853
0 0.512451 0.804822 0.209473 0.104920
0 0.698975 0.818508 0.136230 0.079505
0 0.846436 0.815575 0.135254 0.075595
0 0.078857 0.686217 0.136230 0.144673
0 0.106201 0.896872 0.153809 0.120886
0 0.278076 0.912838 0.113770 0.088954
0 0.398193 0.912838 0.113770 0.089606
0 0.522949 0.910883 0.119141 0.091561
0 0.652832 0.908765 0.122070 0.093190
0 0.786377 0.906321 0.120605 0.101988
0 0.911865 0.904529 0.119629 0.104268
