0 0.197021 0.106279 0.134277 0.103336
0 0.347656 0.106442 0.133789 0.101046
0 0.486328 0.104807 0.131836 0.100392
0 0.630859 0.104644 0.133789 0.102027
0 0.781494 0.104480 0.132324 0.101700
0 0.919678 0.104153 0.131348 0.102354
0 0.917236 0.204055 0.136230 0.101373
0 0.787354 0.205199 0.132324 0.099738
0 0.658691 0.203401 0.132812 0.100065
0 0.518066 0.203728 0.133789 0.100719
0 0.379395 0.206998 0.134766 0.100719
0 0.243164 0.208470 0.133789 0.100392
0 0.102783 0.207325 0.133301 0.101373
0 0.103760 0.304774 0.132324 0.098757
0 0.242432 0.302649 0.133301 0.099738
0 0.376709 0.302158 0.132324 0.099411
0 0.517822 0.302649 0.134277 0.100392
0 0.656738 0.301504 0.132812 0.100065
0 0.791504 0.301504 0.132812 0.101373
0 0.924805 0.302322 0.131836 0.101700
0 0.924561 0.401570 0.132324 0.101373
0 0.791992 0.401733 0.131836 0.101046
0 0.655518 0.401406 0.133301 0.101046
0 0.520752 0.400589 0.134277 0.100065
0 0.375000 0.401570 0.136719 0.100065
0 0.235840 0.402224 0.132812 0.102681
0 0.102295 0.402714 0.133301 0.101046
0 0.100830 0.502126 0.135254 0.100392
0 0.373779 0.501799 0.134277 0.101046
0 0.517578 0.502616 0.132812 0.101373
0 0.651611 0.501472 0.133301 0.102354
0 0.784912 0.501962 0.132324 0.100065
0 0.924561 0.501635 0.132324 0.102681
0 0.921631 0.603009 0.130371 0.100719
0 0.781982 0.603336 0.134277 0.101373
0 0.648926 0.603990 0.135742 0.100719
0 0.508301 0.604480 0.131836 0.101046
0 0.368164 0.604317 0.132812 0.102027
0 0.231689 0.604153 0.134277 0.101700
0 0.096680 0.605134 0.133789 0.101700
0 0.097656 0.705363 0.134766 0.102027
0 0.231201 0.705036 0.134277 0.101373
0 0.365967 0.705690 0.135254 0.100065
0 0.507812 0.704872 0.134766 0.101700
0 0.647705 0.704545 0.133301 0.101700
0 0.783447 0.704218 0.134277 0.103009
0 0.925537 0.704055 0.133301 0.102027
0 0.796387 0.804284 0.133789 0.101046
0 0.655762 0.803793 0.135742 0.102027
0 0.389893 0.805755 0.172363 0.100065
0 0.230713 0.804120 0.132324 0.101373
0 0.097168 0.805755 0.131836 0.100719
0 0.100342 0.905657 0.134277 0.101046
0 0.234375 0.906148 0.132812 0.101373
0 0.372070 0.905494 0.133789 0.101373
0 0.505371 0.905657 0.133789 0.102354
0 0.646240 0.905821 0.132324 0.101373
0 0.860352 0.903532 0.259766 0.102681
