0 0.087158 0.108993 0.138184 0.101988
0 0.226318 0.108179 0.134277 0.102313
0 0.361084 0.107364 0.134277 0.103291
0 0.498535 0.106224 0.134766 0.103617
0 0.633545 0.106549 0.136230 0.102313
0 0.767334 0.103128 0.133301 0.109808
0 0.086670 0.209514 0.135254 0.101010
0 0.222900 0.209840 0.132324 0.101010
0 0.358887 0.209026 0.132812 0.101988
0 0.494629 0.207397 0.135742 0.101336
0 0.633545 0.208048 0.137207 0.101336
0 0.764160 0.208211 0.131836 0.102313
0 0.901123 0.206582 0.133301 0.102313
0 0.896240 0.304171 0.137207 0.099381
0 0.759521 0.303682 0.132324 0.102313
0 0.628174 0.304659 0.133301 0.100358
0 0.492920 0.304334 0.134277 0.101010
0 0.285889 0.305800 0.261230 0.100033
0 0.089111 0.306126 0.135254 0.099381
0 0.084229 0.405181 0.136230 0.100684
0 0.221436 0.404040 0.139160 0.099707
0 0.356689 0.403552 0.134277 0.100684
0 0.489746 0.402737 0.134766 0.101010
0 0.625732 0.402737 0.134277 0.101662
0 0.759521 0.402085 0.135254 0.100358
0 0.897461 0.402085 0.135742 0.101662
0 0.908203 0.502770 0.134766 0.103617
0 0.769287 0.502607 0.135254 0.103943
0 0.631836 0.503747 0.136719 0.101662
0 0.494873 0.504236 0.134277 0.103291
0 0.362305 0.503747 0.135742 0.102313
0 0.227295 0.504888 0.135254 0.101988
0 0.088379 0.505051 0.135742 0.101662
0 0.089600 0.606712 0.134277 0.101662
0 0.226318 0.606875 0.134277 0.103291
0 0.364014 0.605409 0.134277 0.103617
0 0.499512 0.606061 0.134766 0.101010
0 0.632080 0.604920 0.137207 0.101988
0 0.832031 0.605409 0.261719 0.101010
0 0.888672 0.705767 0.135742 0.102313
0 0.756104 0.706093 0.137207 0.101662
0 0.621826 0.705930 0.134277 0.102639
0 0.489014 0.707071 0.132324 0.102313
0 0.353760 0.707071 0.133301 0.101010
0 0.222656 0.707234 0.135742 0.101336
0 0.082520 0.708048 0.134766 0.100358
0 0.082764 0.807429 0.135254 0.100358
0 0.226074 0.807429 0.132812 0.099707
0 0.358643 0.806777 0.133301 0.101662
0 0.489990 0.807103 0.132324 0.101662
0 0.621826 0.806452 0.134277 0.102313
0 0.758789 0.806777 0.133789 0.101662
0 0.893311 0.806126 0.133301 0.099707
0 0.622803 0.906810 0.132324 0.102313
0 0.489746 0.906973 0.132812 0.101988
0 0.358887 0.906647 0.134766 0.101336
0 0.220703 0.907462 0.132812 0.101662
0 0.078369 0.907625 0.137207 0.101988
