0 0.199463 0.105712 0.133301 0.103743
0 0.364746 0.106369 0.135742 0.104399
0 0.498535 0.107026 0.132812 0.103086
0 0.627197 0.106533 0.134277 0.103414
0 0.773193 0.105548 0.135254 0.104071
0 0.919678 0.106205 0.134277 0.101445
0 0.914795 0.206664 0.134277 0.101445
0 0.777832 0.207485 0.133789 0.101116
0 0.644043 0.207978 0.133789 0.101445
0 0.510010 0.208306 0.136230 0.101445
0 0.369873 0.206829 0.135254 0.101116
0 0.230469 0.207485 0.132812 0.102429
0 0.096191 0.207814 0.134766 0.099803
0 0.098145 0.307124 0.134766 0.100131
0 0.368896 0.305318 0.134277 0.098490
0 0.499512 0.307288 0.133789 0.101773
0 0.770020 0.308273 0.135742 0.101773
0 0.905273 0.306960 0.134766 0.103086
0 0.873047 0.409225 0.153320 0.091596
0 0.716064 0.410210 0.149902 0.088969
0 0.560059 0.409225 0.152344 0.089626
0 0.374023 0.403152 0.132812 0.101116
0 0.238281 0.403644 0.131836 0.100788
0 0.102539 0.404465 0.131836 0.101116
0 0.100586 0.503940 0.134766 0.101773
0 0.236084 0.503611 0.133301 0.101773
0 0.368164 0.502626 0.135742 0.103743
0 0.501465 0.502955 0.132812 0.102429
0 0.643066 0.504104 0.133789 0.102758
0 0.775146 0.504268 0.133301 0.101116
0 0.908936 0.603907 0.133301 0.102101
0 0.775635 0.603907 0.133301 0.100788
0 0.640625 0.604563 0.131836 0.100788
0 0.509033 0.603414 0.133301 0.101116
0 0.371338 0.604235 0.132324 0.101445
0 0.236328 0.604235 0.131836 0.102101
0 0.098389 0.604071 0.136230 0.101116
0 0.093750 0.705515 0.133789 0.100460
0 0.233887 0.706172 0.133789 0.101773
0 0.369629 0.704859 0.134766 0.101773
0 0.500000 0.702561 0.132812 0.102429
0 0.645996 0.705187 0.132812 0.101773
0 0.779053 0.706008 0.133301 0.102758
0 0.514893 0.802856 0.133301 0.102101
0 0.369141 0.804334 0.132812 0.099803
0 0.225830 0.806139 0.134277 0.100131
0 0.094727 0.805154 0.133789 0.101445
0 0.362549 0.903152 0.136230 0.103086
0 0.500244 0.903152 0.137207 0.102429
0 0.642090 0.903808 0.133789 0.103086
