0 0.098145 0.107201 0.139648 0.108830
0 0.266113 0.108179 0.139648 0.106224
0 0.461426 0.103617 0.226562 0.115347
0 0.695312 0.107364 0.224609 0.107201
0 0.097900 0.274519 0.181152 0.169762
0 0.296631 0.272890 0.178223 0.172369
0 0.520264 0.300261 0.254395 0.117628
0 0.783203 0.299446 0.252930 0.117954
0 0.828125 0.411209 0.217773 0.091235
0 0.582520 0.410231 0.216797 0.090583
0 0.353271 0.410557 0.213379 0.092538
0 0.133057 0.409417 0.219238 0.092864
0 0.110352 0.584718 0.135742 0.145650
0 0.276123 0.584392 0.166504 0.145650
0 0.457520 0.604920 0.177734 0.101988
0 0.651367 0.568915 0.153320 0.176605
0 0.850098 0.584392 0.160156 0.143695
0 0.767578 0.801075 0.220703 0.104594
0 0.544678 0.769143 0.154785 0.174324
0 0.366455 0.776637 0.160645 0.121538
0 0.220703 0.776312 0.134766 0.146302
0 0.072266 0.773868 0.135742 0.145324
0 0.110596 0.904692 0.217285 0.103291
0 0.328125 0.904203 0.216797 0.102965
0 0.559814 0.905507 0.218262 0.104268
0 0.787842 0.905181 0.218262 0.102965
