0 0.099609 0.097453 0.136719 0.128306
0 0.260986 0.096474 0.138184 0.127653
0 0.411865 0.104636 0.139160 0.111329
0 0.553711 0.095331 0.135742 0.127326
0 0.688477 0.093536 0.132812 0.128959
0 0.823730 0.101698 0.134766 0.111982
0 0.331787 0.217434 0.166504 0.084884
0 0.128662 0.215312 0.189941 0.087822
0 0.091553 0.310643 0.115723 0.090434
0 0.214844 0.309664 0.114258 0.091087
0 0.341309 0.310153 0.112305 0.088802
0 0.464844 0.310480 0.110352 0.088802
0 0.593994 0.310317 0.114746 0.092393
0 0.870850 0.309011 0.116699 0.092393
0 0.871338 0.408913 0.111816 0.091087
0 0.729492 0.408423 0.113281 0.091414
0 0.585938 0.410056 0.114258 0.091414
0 0.465576 0.410382 0.113770 0.089455
0 0.332520 0.409566 0.113281 0.089128
0 0.213867 0.410219 0.116211 0.089781
0 0.089844 0.410219 0.115234 0.091087
0 0.089600 0.511100 0.113770 0.091087
0 0.217529 0.511590 0.111816 0.088802
0 0.334473 0.510121 0.110352 0.089781
0 0.456055 0.510937 0.112305 0.089455
0 0.587891 0.510447 0.115234 0.089781
0 0.728027 0.510447 0.112305 0.090434
0 0.870605 0.510447 0.114258 0.089128
0 0.860840 0.611492 0.113281 0.091414
0 0.729980 0.611329 0.112305 0.089128
0 0.586670 0.612308 0.114746 0.091087
0 0.458252 0.611166 0.110840 0.092720
0 0.337158 0.610676 0.116699 0.091740
0 0.222168 0.612308 0.110352 0.091087
0 0.095459 0.612798 0.114746 0.092720
0 0.090332 0.714332 0.115234 0.092067
0 0.214844 0.713516 0.114258 0.092393
0 0.335449 0.714332 0.115234 0.092067
0 0.463379 0.713516 0.114258 0.091087
0 0.593018 0.712537 0.113770 0.091740
0 0.731201 0.713679 0.110840 0.090761
0 0.861572 0.714169 0.111816 0.089781
0 0.883301 0.919687 0.136719 0.077049
0 0.738281 0.919850 0.136719 0.076069
0 0.591064 0.920176 0.137207 0.078681
0 0.094482 0.894385 0.136230 0.127653
