0 0.179688 0.103295 0.129883 0.113674
0 0.315430 0.103130 0.129883 0.112685
0 0.449707 0.095717 0.132812 0.126194
0 0.582031 0.092586 0.143555 0.133773
0 0.725586 0.094728 0.131836 0.127512
0 0.864990 0.094234 0.132324 0.127183
0 0.822021 0.218946 0.133301 0.074794
0 0.680420 0.220264 0.134277 0.076112
0 0.539551 0.221746 0.133789 0.075124
0 0.398926 0.221582 0.137695 0.076112
0 0.257080 0.222241 0.136230 0.076771
0 0.114502 0.222570 0.135254 0.076112
0 0.115234 0.320593 0.136719 0.077100
0 0.253662 0.320923 0.136230 0.077759
0 0.397705 0.320593 0.133301 0.077100
0 0.538574 0.320428 0.133789 0.076112
0 0.677246 0.320428 0.134766 0.077430
0 0.826904 0.319440 0.136230 0.078089
0 0.839111 0.416969 0.133301 0.077430
0 0.687256 0.417628 0.135254 0.076771
0 0.544678 0.416639 0.136230 0.078089
0 0.398438 0.416310 0.132812 0.073476
0 0.257568 0.417298 0.136230 0.078089
0 0.115723 0.417792 0.133789 0.077100
0 0.409668 0.518781 0.135742 0.076112
0 0.549316 0.516804 0.131836 0.077430
0 0.689941 0.516804 0.132812 0.078748
0 0.839111 0.516639 0.137207 0.079736
0 0.834961 0.616804 0.138672 0.079077
0 0.692139 0.617957 0.136230 0.075453
0 0.548096 0.617792 0.135254 0.077100
0 0.405762 0.617463 0.136719 0.077100
0 0.845703 0.717133 0.136719 0.079407
0 0.687988 0.719440 0.133789 0.075453
0 0.549072 0.718451 0.135254 0.077430
0 0.400879 0.718616 0.136719 0.075783
0 0.250488 0.717628 0.137695 0.079736
0 0.110596 0.718287 0.137207 0.079077
0 0.111084 0.816804 0.138184 0.081054
0 0.250244 0.818781 0.134277 0.075783
0 0.396729 0.816145 0.135254 0.081054
0 0.548096 0.817628 0.136230 0.078089
0 0.690918 0.817957 0.136719 0.075453
0 0.854248 0.816639 0.132324 0.079407
0 0.853027 0.914992 0.133789 0.077759
0 0.689697 0.915157 0.133301 0.076112
0 0.538330 0.916804 0.135254 0.077430
0 0.396973 0.917957 0.135742 0.076442
0 0.252197 0.918122 0.136230 0.076112
0 0.111328 0.916969 0.138672 0.076442
0 0.119385 0.583526 0.135254 0.147611
0 0.259521 0.582372 0.136230 0.147282
