0 0.072021 0.110442 0.114746 0.090111
0 0.250000 0.110117 0.221680 0.090111
0 0.418945 0.108979 0.115234 0.092388
0 0.549316 0.109304 0.115234 0.090436
0 0.672607 0.109141 0.118652 0.090761
0 0.810791 0.109141 0.112793 0.088809
0 0.909180 0.210800 0.112305 0.090436
0 0.790283 0.209499 0.109863 0.091737
0 0.674072 0.209499 0.112793 0.089785
0 0.548340 0.210312 0.114258 0.090761
0 0.426514 0.209824 0.112793 0.090436
0 0.308594 0.208360 0.110352 0.090761
0 0.193359 0.209662 0.113281 0.090761
0 0.079590 0.210963 0.112305 0.091412
0 0.074951 0.308393 0.115723 0.091737
0 0.192871 0.309532 0.113281 0.090761
0 0.307373 0.308718 0.113770 0.089785
0 0.424561 0.307254 0.114746 0.091412
0 0.541748 0.309532 0.112793 0.090111
0 0.663818 0.309206 0.109863 0.090111
0 0.784424 0.309369 0.114746 0.092388
0 0.905762 0.308068 0.115234 0.092388
0 0.907959 0.405823 0.111816 0.091412
0 0.780029 0.405498 0.114746 0.090111
0 0.659424 0.405172 0.112793 0.090111
0 0.543701 0.404847 0.114746 0.090761
0 0.425293 0.405335 0.113281 0.089785
0 0.305176 0.405660 0.113281 0.091087
0 0.187744 0.406474 0.112793 0.090111
0 0.068848 0.406636 0.112305 0.089785
0 0.066162 0.507970 0.114746 0.090761
0 0.187012 0.506344 0.111328 0.091412
0 0.304199 0.507157 0.115234 0.089785
0 0.426025 0.506831 0.112793 0.091737
0 0.540527 0.506994 0.112305 0.089460
0 0.660400 0.506344 0.114746 0.091412
0 0.779785 0.504066 0.117188 0.092713
0 0.787598 0.605563 0.116211 0.092062
0 0.667725 0.605075 0.110840 0.091087
0 0.550049 0.605075 0.114746 0.092388
0 0.434082 0.606539 0.115234 0.091412
0 0.311035 0.606701 0.112305 0.091087
0 0.190674 0.606376 0.116699 0.092388
0 0.068115 0.607189 0.113770 0.089460
0 0.092285 0.706897 0.166016 0.091087
0 0.275146 0.707710 0.166504 0.087508
0 0.451416 0.709174 0.164551 0.087833
0 0.628418 0.709499 0.166016 0.087183
0 0.829346 0.707385 0.141113 0.092713
0 0.749512 0.805628 0.189453 0.087508
0 0.588623 0.806604 0.116699 0.090111
0 0.427246 0.805303 0.192383 0.095316
0 0.253906 0.803351 0.128906 0.099219
0 0.094971 0.814736 0.157715 0.077098
0 0.087158 0.907938 0.116699 0.091087
0 0.205811 0.906636 0.113770 0.090436
0 0.322266 0.906474 0.114258 0.090761
0 0.445068 0.905498 0.114746 0.090111
0 0.562744 0.906311 0.111816 0.091087
0 0.677734 0.905823 0.112305 0.092062
0 0.792969 0.905172 0.113281 0.090761
0 0.758301 0.795218 0.053711 0.004229
