0 0.191895 0.101409 0.167969 0.113696
0 0.365234 0.100754 0.135742 0.112385
0 0.520020 0.100426 0.129883 0.111075
0 0.660156 0.099607 0.130859 0.112058
0 0.796387 0.092235 0.134766 0.126802
0 0.920898 0.210518 0.114258 0.091415
0 0.805176 0.211337 0.114258 0.089777
0 0.690918 0.211009 0.115234 0.089777
0 0.572266 0.211337 0.114258 0.091743
0 0.449951 0.211828 0.113770 0.092071
0 0.329834 0.212484 0.111816 0.090760
0 0.214355 0.212811 0.110352 0.090105
0 0.097900 0.213630 0.112793 0.089777
0 0.098633 0.307667 0.114258 0.091743
0 0.211426 0.307012 0.113281 0.091088
0 0.333496 0.306684 0.111328 0.091088
0 0.451660 0.306193 0.114258 0.092726
0 0.569580 0.306356 0.110840 0.093054
0 0.687012 0.306684 0.113281 0.091743
0 0.802979 0.305865 0.112793 0.092071
0 0.920166 0.306029 0.113770 0.091743
0 0.919434 0.403506 0.112305 0.092726
0 0.804932 0.404653 0.113770 0.090433
0 0.689453 0.405308 0.111328 0.091743
0 0.571777 0.405472 0.113281 0.092071
0 0.455078 0.405636 0.113281 0.091088
0 0.335449 0.406782 0.115234 0.091415
0 0.210205 0.406127 0.114746 0.090760
0 0.092529 0.406291 0.114746 0.091088
0 0.090088 0.507700 0.115723 0.090105
0 0.208984 0.507536 0.116211 0.093709
0 0.331055 0.507372 0.111328 0.091415
0 0.447266 0.506717 0.112305 0.091415
0 0.565674 0.503768 0.114746 0.096003
0 0.688965 0.506717 0.113281 0.092071
0 0.806885 0.505406 0.112793 0.091415
0 0.924561 0.506225 0.112793 0.089122
0 0.927979 0.607634 0.111816 0.090760
0 0.812256 0.608290 0.114746 0.093381
0 0.686279 0.608617 0.115723 0.092071
0 0.564697 0.607962 0.113770 0.090760
0 0.445312 0.608126 0.117188 0.091088
0 0.326904 0.609109 0.114746 0.090433
0 0.206787 0.610092 0.113770 0.091088
0 0.087891 0.610256 0.112305 0.090105
0 0.083740 0.710845 0.112793 0.090105
0 0.199219 0.709862 0.113281 0.089450
0 0.318115 0.709535 0.113770 0.090760
0 0.441162 0.709535 0.114746 0.092726
0 0.564209 0.709371 0.113770 0.091088
0 0.686768 0.709862 0.115723 0.090760
0 0.808594 0.709207 0.113281 0.089450
0 0.926025 0.708388 0.110840 0.091743
0 0.927490 0.807339 0.114746 0.093709
0 0.815186 0.809469 0.110840 0.090105
0 0.689697 0.808978 0.111816 0.091743
0 0.563232 0.808322 0.114746 0.091088
0 0.434082 0.809633 0.111328 0.089122
0 0.316650 0.809961 0.115723 0.090433
0 0.204102 0.810288 0.114258 0.091743
0 0.088623 0.810125 0.116699 0.090105
0 0.088135 0.909895 0.115723 0.091743
0 0.208252 0.909731 0.112793 0.091415
0 0.320801 0.910223 0.112305 0.090433
0 0.436768 0.909240 0.112793 0.092398
