0 0.093262 0.119884 0.139648 0.076055
0 0.242188 0.120045 0.138672 0.075733
0 0.396973 0.120367 0.136719 0.075733
0 0.551025 0.120206 0.139160 0.076055
0 0.683594 0.099420 0.132812 0.114405
0 0.827637 0.106832 0.126953 0.102159
0 0.873047 0.220110 0.139648 0.076055
0 0.720459 0.219787 0.138184 0.077989
0 0.569580 0.220432 0.141113 0.078634
0 0.412354 0.220271 0.141113 0.075733
0 0.241455 0.221076 0.138184 0.076700
0 0.081543 0.219787 0.140625 0.078634
0 0.079590 0.314857 0.138672 0.077345
0 0.229492 0.315662 0.137695 0.076378
0 0.372070 0.315179 0.137695 0.075411
0 0.565674 0.315501 0.140137 0.077345
0 0.718506 0.315179 0.141113 0.074122
0 0.877930 0.316146 0.139648 0.074122
0 0.890869 0.413310 0.139160 0.077022
0 0.752686 0.414277 0.141113 0.076378
0 0.614258 0.413793 0.131836 0.075411
0 0.464355 0.414115 0.138672 0.075411
0 0.321045 0.405253 0.115723 0.091847
0 0.192627 0.406381 0.114746 0.092169
0 0.073486 0.408476 0.114746 0.089913
0 0.096191 0.515630 0.139648 0.075411
0 0.242188 0.514341 0.137695 0.077345
0 0.397217 0.514502 0.136230 0.076378
0 0.541992 0.513052 0.135742 0.082501
0 0.685303 0.515630 0.138184 0.077345
0 0.847656 0.509024 0.114258 0.091847
0 0.681396 0.616178 0.137207 0.076700
0 0.384766 0.616500 0.137695 0.075411
0 0.145508 0.615856 0.275391 0.076700
0 0.082764 0.719626 0.139160 0.076055
0 0.232910 0.717854 0.138672 0.075089
0 0.379883 0.718820 0.135742 0.075089
0 0.528564 0.718820 0.133301 0.075089
0 0.677979 0.718176 0.140137 0.076378
0 0.831543 0.717048 0.140625 0.078634
0 0.833740 0.818079 0.142090 0.075089
0 0.674561 0.817596 0.137207 0.076055
0 0.527344 0.817918 0.136719 0.076055
0 0.383301 0.817918 0.137695 0.074122
0 0.231201 0.817918 0.137207 0.075411
0 0.074463 0.817596 0.139160 0.076700
0 0.074707 0.917499 0.137695 0.077345
0 0.223877 0.917660 0.139160 0.078311
0 0.439209 0.916532 0.270020 0.078634
0 0.670654 0.917983 0.138184 0.077022
0 0.833252 0.918466 0.140137 0.078634
