0 0.209229 0.092909 0.159668 0.131320
0 0.371094 0.100952 0.132812 0.113263
0 0.517334 0.102265 0.131348 0.112607
0 0.674805 0.095699 0.152344 0.123769
0 0.834229 0.096192 0.149902 0.123441
0 0.856689 0.220453 0.136230 0.077807
0 0.697998 0.219140 0.136230 0.078464
0 0.546631 0.220781 0.136230 0.074524
0 0.402100 0.219796 0.131348 0.075181
0 0.259277 0.220617 0.135742 0.075509
0 0.110840 0.220289 0.135742 0.078135
0 0.111328 0.318779 0.133789 0.077479
0 0.259277 0.318615 0.132812 0.079120
0 0.411621 0.318943 0.133789 0.076494
0 0.556641 0.315824 0.138672 0.079448
0 0.704590 0.317958 0.136719 0.079120
0 0.183838 0.529219 0.260254 0.250821
