0 0.101074 0.107201 0.133789 0.107527
0 0.319336 0.105572 0.251953 0.108830
0 0.536865 0.089769 0.128418 0.141088
0 0.678955 0.103780 0.132324 0.112414
0 0.819580 0.104106 0.131348 0.110459
0 0.908936 0.215705 0.110840 0.087977
0 0.792725 0.217009 0.111816 0.087325
0 0.544189 0.216520 0.112793 0.089606
0 0.428223 0.217823 0.113281 0.086347
0 0.312012 0.218149 0.110352 0.087651
0 0.194092 0.218312 0.112793 0.088628
0 0.079102 0.218801 0.106445 0.087651
0 0.072998 0.315901 0.112793 0.087651
0 0.191406 0.316390 0.111328 0.088628
0 0.309082 0.315901 0.110352 0.087651
0 0.420654 0.315412 0.110840 0.089932
0 0.534912 0.315738 0.107910 0.086673
0 0.659668 0.315738 0.111328 0.087977
0 0.781738 0.316064 0.113281 0.089280
0 0.905762 0.315412 0.114258 0.089280
0 0.884033 0.419029 0.129395 0.074943
0 0.767334 0.412838 0.110840 0.086673
0 0.660645 0.412675 0.112305 0.086347
0 0.539795 0.412512 0.112793 0.088628
0 0.419434 0.412512 0.107422 0.088628
0 0.302734 0.411698 0.113281 0.089606
0 0.185303 0.412838 0.110840 0.087325
0 0.071045 0.413653 0.110840 0.088302
0 0.109375 0.521342 0.129883 0.074943
0 0.258057 0.520365 0.134277 0.072988
0 0.395508 0.521017 0.127930 0.072988
0 0.530273 0.521180 0.131836 0.074617
0 0.672363 0.520365 0.131836 0.073640
0 0.824951 0.512545 0.163574 0.086673
0 0.805908 0.613066 0.162598 0.086999
0 0.611328 0.612903 0.161133 0.087325
0 0.444580 0.613881 0.161621 0.086673
0 0.274902 0.614370 0.165039 0.088954
0 0.106689 0.612740 0.158691 0.090909
0 0.112793 0.716031 0.161133 0.088954
0 0.288086 0.714239 0.162109 0.086673
0 0.450684 0.715380 0.162109 0.087651
0 0.622559 0.715705 0.161133 0.088302
0 0.818115 0.714076 0.161621 0.087651
0 0.833252 0.812154 0.216309 0.090257
0 0.584473 0.811828 0.215820 0.090257
0 0.351074 0.813783 0.212891 0.087651
0 0.122559 0.813946 0.212891 0.086673
0 0.130127 0.913164 0.215332 0.087651
0 0.354248 0.912838 0.212402 0.088302
0 0.518799 0.913653 0.108887 0.087325
0 0.662109 0.914304 0.161133 0.087325
0 0.830566 0.913327 0.163086 0.085370
