0 0.179932 0.103047 0.129395 0.108453
0 0.312744 0.102720 0.127441 0.107143
0 0.453613 0.101737 0.130859 0.110419
0 0.585449 0.100917 0.127930 0.109436
0 0.765625 0.097149 0.134766 0.107143
0 0.906982 0.098624 0.127441 0.106160
0 0.924072 0.199377 0.113770 0.090105
0 0.807861 0.198231 0.114746 0.089122
0 0.687256 0.200852 0.116699 0.089122
0 0.571533 0.201016 0.112793 0.086828
0 0.461426 0.203801 0.109375 0.085845
0 0.345459 0.204456 0.108887 0.083879
0 0.222168 0.203145 0.111328 0.088467
0 0.105225 0.202490 0.112793 0.087156
0 0.096680 0.299803 0.129883 0.106815
0 0.231201 0.299148 0.131348 0.106815
0 0.367676 0.299148 0.130859 0.104849
0 0.497803 0.299312 0.129395 0.105177
0 0.628174 0.299803 0.131348 0.106160
0 0.765137 0.298001 0.128906 0.108453
0 0.900146 0.298820 0.132324 0.109436
0 0.927490 0.399574 0.110840 0.084862
0 0.806396 0.399738 0.113770 0.087811
0 0.689209 0.399246 0.111816 0.086173
0 0.574463 0.399738 0.113770 0.084535
0 0.456055 0.396134 0.112305 0.085845
0 0.336426 0.398100 0.112305 0.087156
0 0.219727 0.399410 0.115234 0.087156
0 0.102539 0.399574 0.111328 0.084207
0 0.102295 0.499509 0.127441 0.107143
0 0.238281 0.497706 0.129883 0.106815
0 0.377441 0.498689 0.131836 0.108126
0 0.511719 0.498034 0.127930 0.107471
0 0.645752 0.499509 0.129395 0.106488
0 0.776367 0.498689 0.125000 0.106160
0 0.908447 0.498853 0.129395 0.107143
0 0.920654 0.600426 0.110840 0.085518
0 0.805908 0.602228 0.116699 0.091088
0 0.687012 0.600917 0.108398 0.084535
0 0.574951 0.602064 0.109863 0.088794
0 0.454590 0.599443 0.113281 0.086828
0 0.337891 0.595675 0.109375 0.087811
0 0.214111 0.599279 0.113770 0.087156
0 0.094727 0.601573 0.111328 0.086501
0 0.098633 0.702163 0.131836 0.106815
0 0.237793 0.701016 0.132812 0.109109
0 0.377686 0.702163 0.127441 0.106815
0 0.513428 0.701671 0.127441 0.105832
0 0.641846 0.702818 0.129395 0.104194
0 0.779297 0.701343 0.132812 0.109109
0 0.920166 0.701835 0.134277 0.110092
0 0.910400 0.802752 0.108887 0.085845
0 0.792236 0.801114 0.112793 0.087811
0 0.680908 0.803244 0.111816 0.090105
0 0.563965 0.801769 0.116211 0.088467
0 0.330811 0.799803 0.114746 0.087811
0 0.216553 0.800950 0.111816 0.088139
0 0.097656 0.801606 0.113281 0.086828
0 0.101807 0.902359 0.131348 0.109436
0 0.237793 0.902687 0.133789 0.108126
0 0.375244 0.901704 0.128418 0.108126
0 0.512451 0.902031 0.130371 0.108126
0 0.648926 0.901868 0.129883 0.107143
0 0.792236 0.900066 0.135254 0.112058
0 0.925293 0.901212 0.132812 0.110419
