0 0.093994 0.104594 0.131348 0.106875
0 0.226074 0.104920 0.128906 0.107527
0 0.361816 0.102965 0.131836 0.110785
0 0.499756 0.103943 0.131348 0.108830
0 0.650879 0.104268 0.132812 0.107527
0 0.809814 0.118605 0.135254 0.078201
0 0.793457 0.202346 0.112305 0.083415
0 0.676270 0.201531 0.111328 0.088302
0 0.552979 0.203324 0.112793 0.087325
0 0.426025 0.205604 0.115723 0.087977
0 0.314941 0.201857 0.111328 0.088302
0 0.193604 0.199902 0.110840 0.086999
0 0.077637 0.203649 0.109375 0.084718
0 0.080566 0.300912 0.129883 0.104594
0 0.214111 0.301401 0.127441 0.105572
0 0.348145 0.300587 0.126953 0.107201
0 0.489990 0.301238 0.129395 0.107201
0 0.627197 0.299446 0.131348 0.108179
0 0.759766 0.299609 0.127930 0.107853
0 0.894775 0.299935 0.129395 0.105898
0 0.896729 0.408928 0.113770 0.086673
0 0.779785 0.409580 0.109375 0.085370
0 0.648438 0.406484 0.112305 0.087651
0 0.530273 0.409743 0.108398 0.086999
0 0.420166 0.401922 0.109863 0.087651
0 0.307373 0.401922 0.107910 0.086347
0 0.192139 0.403063 0.107910 0.085370
0 0.076416 0.399316 0.108887 0.085696
0 0.084717 0.500978 0.128418 0.106549
0 0.224609 0.501303 0.132812 0.107201
0 0.367920 0.500489 0.128418 0.106875
0 0.533691 0.511404 0.163086 0.085696
0 0.678955 0.509775 0.110840 0.085696
0 0.122559 0.613066 0.212891 0.088954
0 0.357178 0.610948 0.214355 0.087977
0 0.588867 0.607853 0.218750 0.092212
0 0.817627 0.608830 0.216309 0.088954
0 0.812500 0.712610 0.215820 0.087977
0 0.578613 0.712610 0.214844 0.086022
0 0.359375 0.710981 0.214844 0.087977
0 0.124023 0.712936 0.213867 0.087325
0 0.124512 0.813457 0.212891 0.085044
0 0.357910 0.812317 0.211914 0.086673
0 0.582520 0.810850 0.214844 0.088302
0 0.819580 0.813457 0.213379 0.086347
0 0.578613 0.912838 0.214844 0.086347
0 0.350098 0.913327 0.212891 0.086673
0 0.125488 0.912349 0.211914 0.086022
