0 0.171143 0.081913 0.133301 0.143512
0 0.330322 0.077163 0.133301 0.143185
0 0.472412 0.077163 0.131348 0.143840
0 0.621338 0.077982 0.139160 0.145478
0 0.762207 0.077490 0.129883 0.142529
0 0.095703 0.206586 0.126953 0.105177
0 0.222168 0.205603 0.127930 0.105177
0 0.350342 0.204784 0.128418 0.106815
0 0.478027 0.204128 0.125977 0.106815
0 0.606445 0.205275 0.125000 0.105177
0 0.735352 0.204620 0.126953 0.109109
0 0.893799 0.200197 0.132324 0.104194
0 0.849854 0.304391 0.162598 0.087811
0 0.647461 0.302425 0.164062 0.088467
0 0.475098 0.304882 0.166016 0.086173
0 0.291260 0.302261 0.154785 0.086828
0 0.121582 0.304063 0.158203 0.085190
0 0.099121 0.401868 0.125000 0.107798
0 0.229492 0.400557 0.125000 0.107143
0 0.356445 0.400885 0.125977 0.106488
0 0.485352 0.400229 0.126953 0.107143
0 0.610840 0.399246 0.127930 0.106488
0 0.743408 0.400066 0.127441 0.107471
0 0.906982 0.407110 0.107910 0.088139
0 0.914062 0.504587 0.109375 0.085845
0 0.780029 0.503113 0.112793 0.086173
0 0.662842 0.501474 0.114746 0.087484
0 0.547852 0.503277 0.112305 0.085845
0 0.434814 0.503113 0.112793 0.085518
0 0.321533 0.500491 0.110840 0.086828
0 0.205566 0.501147 0.110352 0.086828
0 0.092529 0.499836 0.107910 0.085518
0 0.095215 0.601409 0.130859 0.109764
0 0.223633 0.601900 0.125977 0.108126
0 0.350830 0.601409 0.126465 0.108453
0 0.479492 0.601573 0.131836 0.108126
0 0.611084 0.601081 0.128418 0.106488
0 0.745117 0.602064 0.128906 0.107798
0 0.885742 0.601573 0.128906 0.107471
0 0.790283 0.704456 0.210449 0.085845
0 0.544678 0.703309 0.159668 0.086828
0 0.388428 0.708060 0.134277 0.074050
0 0.239990 0.705603 0.132324 0.072412
0 0.105469 0.704128 0.130859 0.072084
0 0.101074 0.801278 0.126953 0.107143
0 0.227295 0.802261 0.125488 0.103866
0 0.356689 0.802425 0.127441 0.106815
0 0.489014 0.802425 0.128418 0.108126
0 0.618652 0.802752 0.126953 0.105505
0 0.758789 0.802097 0.130859 0.107471
0 0.890137 0.800786 0.129883 0.105505
0 0.772217 0.912516 0.162598 0.087811
0 0.600098 0.911697 0.160156 0.088139
0 0.430176 0.912189 0.162109 0.085845
0 0.187012 0.910387 0.315430 0.087484
