0 0.095459 0.103291 0.130371 0.107527
0 0.245117 0.102313 0.152344 0.108830
0 0.416016 0.104757 0.125977 0.109156
0 0.555664 0.101010 0.132812 0.116650
0 0.697510 0.100196 0.127441 0.108504
0 0.094482 0.282828 0.129395 0.138156
0 0.229736 0.285761 0.128418 0.144673
0 0.368896 0.282665 0.134277 0.146953
0 0.516357 0.285761 0.128418 0.144021
0 0.667725 0.285435 0.137207 0.142717
0 0.818115 0.288042 0.133301 0.144021
0 0.817139 0.483545 0.128418 0.143369
0 0.663086 0.483056 0.133789 0.142392
0 0.514893 0.483545 0.132324 0.144021
0 0.376465 0.483382 0.130859 0.143695
0 0.237793 0.480124 0.137695 0.146953
0 0.091797 0.482568 0.135742 0.143369
0 0.098633 0.611600 0.160156 0.084066
0 0.263428 0.610459 0.158691 0.085696
0 0.428955 0.612089 0.164551 0.085696
0 0.608643 0.612577 0.161621 0.086022
0 0.098877 0.711307 0.161621 0.086022
0 0.264648 0.711958 0.161133 0.085370
0 0.389893 0.711958 0.073730 0.087977
0 0.472412 0.712121 0.075684 0.089606
0 0.647705 0.711144 0.161621 0.087651
0 0.840820 0.671554 0.216797 0.170088
0 0.843262 0.811013 0.215820 0.087977
0 0.568848 0.811828 0.085938 0.087651
0 0.481201 0.811502 0.082520 0.085696
0 0.397461 0.812317 0.075195 0.089932
0 0.409668 0.906973 0.225586 0.094819
0 0.596924 0.908276 0.123535 0.094819
0 0.799561 0.910068 0.211426 0.089280
0 0.216064 0.883838 0.137207 0.141088
0 0.075928 0.903389 0.139160 0.099381
