0 0.232422 0.084676 0.164062 0.145018
0 0.427246 0.102269 0.211914 0.108517
0 0.630371 0.084512 0.163086 0.144032
0 0.828613 0.100954 0.211914 0.107859
0 0.898682 0.211772 0.114746 0.088129
0 0.783936 0.211279 0.113770 0.088458
0 0.670898 0.213745 0.116211 0.085498
0 0.557617 0.213910 0.112305 0.084512
0 0.443359 0.213088 0.112305 0.087471
0 0.328369 0.214074 0.114746 0.088787
0 0.212646 0.214732 0.111816 0.088129
0 0.104004 0.215061 0.111328 0.085498
0 0.103027 0.308944 0.111328 0.086485
0 0.215332 0.309931 0.109375 0.087142
0 0.328613 0.309931 0.112305 0.087142
0 0.447754 0.308780 0.111328 0.086156
0 0.562744 0.310424 0.114746 0.088129
0 0.678955 0.308616 0.108887 0.086485
0 0.790771 0.308122 0.109863 0.088129
0 0.906250 0.307465 0.109375 0.088129
0 0.795898 0.407761 0.109375 0.085498
0 0.673340 0.406939 0.113281 0.086485
0 0.556396 0.408089 0.107910 0.086156
0 0.441650 0.408254 0.109863 0.087142
0 0.320801 0.407925 0.114258 0.087800
0 0.210205 0.408089 0.111816 0.088129
0 0.098877 0.407925 0.114746 0.086485
0 0.098389 0.508221 0.111816 0.089115
0 0.211670 0.510030 0.111816 0.089444
0 0.325684 0.509043 0.109375 0.088787
0 0.438232 0.509043 0.108887 0.086814
0 0.551270 0.507728 0.109375 0.088129
0 0.665527 0.508385 0.109375 0.088129
0 0.788086 0.508057 0.113281 0.088787
0 0.906738 0.466294 0.108398 0.165735
0 0.919434 0.615751 0.129883 0.075304
0 0.785400 0.617396 0.126465 0.075304
0 0.656250 0.615751 0.127930 0.072016
0 0.533691 0.611148 0.109375 0.087142
0 0.419678 0.609997 0.111816 0.087471
0 0.306641 0.612134 0.110352 0.087800
0 0.097168 0.611312 0.111328 0.086814
0 0.111328 0.719665 0.129883 0.073331
0 0.251953 0.719007 0.126953 0.074646
0 0.383789 0.719665 0.126953 0.073331
0 0.522949 0.718349 0.128906 0.074646
0 0.653564 0.718185 0.131348 0.074318
0 0.786621 0.718514 0.127930 0.073002
0 0.922363 0.717692 0.129883 0.072673
0 0.777100 0.817165 0.129395 0.074318
0 0.647705 0.817659 0.129395 0.073331
0 0.514404 0.817659 0.131348 0.074646
0 0.382568 0.817988 0.127441 0.072673
0 0.248779 0.819138 0.127441 0.073660
0 0.109375 0.820125 0.129883 0.074318
0 0.114014 0.917461 0.129395 0.079579
0 0.252441 0.917461 0.126953 0.074975
0 0.386475 0.917626 0.128418 0.070700
0 0.520264 0.918119 0.128418 0.074975
0 0.649902 0.917297 0.126953 0.075962
0 0.779785 0.917297 0.126953 0.073331
0 0.912354 0.882933 0.128418 0.140743
