0 0.110352 0.088647 0.165039 0.139558
0 0.286377 0.083930 0.169434 0.148341
0 0.450928 0.083604 0.153809 0.148341
0 0.605713 0.085719 0.136230 0.142160
0 0.781738 0.083767 0.169922 0.148016
0 0.080811 0.222023 0.134277 0.073195
0 0.217285 0.222674 0.131836 0.071893
0 0.354248 0.222999 0.132324 0.071243
0 0.490723 0.222511 0.131836 0.073520
0 0.625244 0.221698 0.135254 0.072544
0 0.760498 0.220885 0.134277 0.072219
0 0.894287 0.221047 0.130371 0.074496
0 0.065918 0.315712 0.131836 0.079701
0 0.193604 0.317502 0.123535 0.072219
0 0.319580 0.316038 0.127441 0.072544
0 0.448975 0.316038 0.129395 0.073195
0 0.624756 0.309044 0.214355 0.089135
0 0.848145 0.357027 0.211914 0.169486
0 0.614502 0.397365 0.211426 0.087508
0 0.603271 0.494144 0.220215 0.109304
0 0.080566 0.416396 0.144531 0.074821
0 0.221680 0.412980 0.129883 0.071893
0 0.361084 0.406636 0.133301 0.074821
0 0.133789 0.510735 0.220703 0.088484
0 0.369141 0.498373 0.210938 0.106051
0 0.471436 0.601496 0.212402 0.106701
0 0.640137 0.610442 0.113281 0.086207
0 0.758301 0.610768 0.110352 0.086858
0 0.302490 0.610117 0.111816 0.090111
0 0.135742 0.613045 0.214844 0.085556
0 0.578857 0.704457 0.216309 0.084906
0 0.069580 0.782531 0.132324 0.140859
0 0.217285 0.784645 0.161133 0.141835
0 0.385010 0.785296 0.161621 0.139232
0 0.582031 0.801887 0.211914 0.105400
0 0.766113 0.784320 0.134766 0.138582
0 0.889648 0.769356 0.122070 0.169811
0 0.298584 0.908751 0.229980 0.089460
0 0.485840 0.910215 0.135742 0.093689
0 0.629639 0.910052 0.125488 0.090111
0 0.763916 0.907612 0.120605 0.092388
0 0.891602 0.911353 0.114258 0.086207
0 0.824951 0.497235 0.212402 0.108328
