0 0.079102 0.118511 0.112305 0.086190
0 0.199463 0.116716 0.113770 0.086516
0 0.317139 0.117532 0.109863 0.087496
0 0.432617 0.116879 0.113281 0.086843
0 0.551270 0.117369 0.110352 0.085864
0 0.663330 0.116226 0.113770 0.086843
0 0.778320 0.116389 0.106445 0.086516
0 0.079346 0.218577 0.116699 0.086516
0 0.197021 0.217597 0.110840 0.087169
0 0.316162 0.217597 0.109863 0.086516
0 0.434814 0.218250 0.111816 0.084558
0 0.550537 0.218087 0.113770 0.084884
0 0.664551 0.216454 0.113281 0.085537
0 0.782959 0.217760 0.112793 0.085537
0 0.078857 0.316520 0.111816 0.086516
0 0.197266 0.317009 0.109375 0.087496
0 0.309326 0.315704 0.113770 0.086190
0 0.427734 0.315214 0.111328 0.086516
0 0.547852 0.317336 0.116211 0.086190
0 0.665771 0.316193 0.110840 0.087169
0 0.785156 0.315704 0.117188 0.086190
0 0.073242 0.414136 0.108398 0.087822
0 0.195312 0.413647 0.109375 0.086843
0 0.311279 0.414953 0.109863 0.086190
0 0.431396 0.413484 0.113770 0.085211
0 0.549316 0.412667 0.112305 0.086190
0 0.665283 0.412178 0.108887 0.086516
0 0.778320 0.412341 0.105469 0.086190
0 0.899170 0.214822 0.110840 0.090761
0 0.900635 0.316683 0.109863 0.086190
0 0.893311 0.412831 0.111816 0.085864
0 0.895508 0.513222 0.112305 0.086190
0 0.778076 0.512569 0.113770 0.087496
0 0.666260 0.513712 0.111816 0.085211
0 0.551025 0.513549 0.114746 0.090761
0 0.431152 0.514039 0.115234 0.085211
0 0.308838 0.515018 0.115723 0.085211
0 0.072266 0.514365 0.113281 0.085211
0 0.193115 0.514365 0.107910 0.085864
0 0.080078 0.613777 0.110352 0.087496
0 0.196045 0.613451 0.108887 0.086843
0 0.305420 0.614757 0.107910 0.085537
0 0.424316 0.614430 0.111328 0.085537
0 0.544189 0.613451 0.114746 0.088149
0 0.662354 0.613941 0.113770 0.085864
0 0.779541 0.612635 0.110840 0.084558
0 0.074951 0.716454 0.110840 0.085864
0 0.195068 0.715638 0.111816 0.086190
0 0.308838 0.715965 0.109863 0.086843
0 0.421631 0.715312 0.111816 0.088149
0 0.536865 0.716454 0.113770 0.085211
0 0.663086 0.715149 0.114258 0.086516
0 0.780518 0.715312 0.117676 0.086190
0 0.068848 0.814071 0.111328 0.085211
0 0.187744 0.813745 0.116699 0.088475
0 0.306152 0.815377 0.112305 0.086516
0 0.425781 0.814234 0.117188 0.087496
0 0.543701 0.815377 0.112793 0.087169
0 0.662354 0.813092 0.113770 0.091087
0 0.779785 0.814071 0.112305 0.089128
0 0.066406 0.913647 0.112305 0.087169
0 0.184326 0.914626 0.109863 0.087822
0 0.303223 0.912667 0.114258 0.089128
0 0.423340 0.912178 0.114258 0.086843
0 0.544922 0.914136 0.115234 0.088149
0 0.663574 0.912667 0.113281 0.089128
0 0.780273 0.914136 0.118164 0.091414
0 0.895752 0.612635 0.112793 0.085864
0 0.901611 0.714496 0.117676 0.087822
0 0.900879 0.814398 0.110352 0.086516
0 0.898682 0.913484 0.111816 0.086843
