0 0.217529 0.115561 0.110840 0.087328
0 0.332275 0.114412 0.111816 0.089626
0 0.447266 0.112935 0.113281 0.086014
0 0.565918 0.112607 0.110352 0.087984
0 0.687988 0.112607 0.106445 0.089297
0 0.097656 0.215857 0.109375 0.085030
0 0.210449 0.215693 0.108398 0.087328
0 0.331787 0.215036 0.110840 0.085358
0 0.448730 0.214380 0.110352 0.085358
0 0.572021 0.214215 0.112793 0.086999
0 0.685547 0.213066 0.109375 0.086671
0 0.096191 0.307617 0.116211 0.090611
0 0.211426 0.310079 0.112305 0.086343
0 0.328613 0.310243 0.110352 0.089954
0 0.445068 0.307124 0.116699 0.091596
0 0.567871 0.309094 0.118164 0.090282
0 0.687500 0.309586 0.115234 0.089297
0 0.095947 0.407748 0.112793 0.089297
0 0.207764 0.410703 0.111816 0.089297
0 0.326904 0.408733 0.112793 0.087984
0 0.452637 0.408733 0.114258 0.087328
0 0.570312 0.409718 0.111328 0.087984
0 0.693359 0.408404 0.113281 0.089297
0 0.095947 0.510013 0.111816 0.087656
0 0.214111 0.510177 0.113770 0.086671
0 0.334229 0.510341 0.111816 0.086343
0 0.450684 0.509521 0.113281 0.089954
0 0.572266 0.508043 0.114258 0.086999
0 0.095215 0.611458 0.112305 0.086999
0 0.210205 0.611786 0.111816 0.089626
0 0.326416 0.611293 0.112793 0.091924
0 0.452393 0.611293 0.111816 0.089297
0 0.570557 0.611786 0.112793 0.087656
0 0.691650 0.613263 0.112793 0.088641
0 0.099609 0.711589 0.114258 0.087656
0 0.213135 0.712081 0.110840 0.088641
0 0.325684 0.713066 0.106445 0.087984
0 0.446777 0.712246 0.116211 0.088969
0 0.567627 0.711917 0.112793 0.086999
0 0.684570 0.712246 0.111328 0.086999
0 0.098389 0.812705 0.111816 0.088969
0 0.327148 0.812213 0.114258 0.086014
0 0.440918 0.812541 0.113281 0.088641
0 0.686768 0.811556 0.109863 0.087984
0 0.808838 0.113592 0.109863 0.087984
0 0.806885 0.214872 0.112793 0.085686
0 0.928955 0.174491 0.112793 0.166448
0 0.802734 0.309750 0.116211 0.086343
0 0.917725 0.369009 0.107910 0.170059
0 0.810791 0.509685 0.114746 0.087656
0 0.927246 0.511326 0.115234 0.086343
0 0.806396 0.612771 0.114746 0.085030
0 0.807129 0.712902 0.108398 0.087656
0 0.926025 0.713395 0.111816 0.090611
0 0.925049 0.812541 0.111816 0.088641
