0 0.175049 0.087328 0.130371 0.140512
0 0.314209 0.086999 0.129395 0.142482
0 0.456299 0.086835 0.135254 0.141497
0 0.604248 0.088148 0.133301 0.142154
0 0.753662 0.086343 0.137207 0.140512
0 0.096436 0.286277 0.135254 0.141825
0 0.234375 0.287262 0.130859 0.143795
0 0.367920 0.284471 0.127441 0.144123
0 0.499756 0.286770 0.128418 0.141497
0 0.636230 0.285292 0.135742 0.141169
0 0.775391 0.285620 0.129883 0.141825
0 0.101562 0.482764 0.134766 0.142810
0 0.236816 0.483749 0.132812 0.142154
0 0.369385 0.483585 0.129395 0.142482
0 0.499268 0.483749 0.130371 0.142810
0 0.636963 0.482928 0.133301 0.141825
0 0.770020 0.482928 0.131836 0.141169
0 0.107666 0.684504 0.129395 0.141169
0 0.244385 0.684668 0.130371 0.143467
0 0.376953 0.684340 0.131836 0.138871
0 0.510986 0.685325 0.132324 0.141497
0 0.646729 0.684668 0.133301 0.141497
0 0.780762 0.684176 0.135742 0.143139
0 0.103027 0.884439 0.132812 0.142482
0 0.236572 0.884931 0.134277 0.142810
0 0.370850 0.883946 0.137207 0.142810
0 0.508057 0.882633 0.135254 0.142154
0 0.648193 0.882797 0.134277 0.145108
0 0.782715 0.880991 0.131836 0.142810
0 0.917480 0.879842 0.131836 0.141169
0 0.918457 0.684012 0.134766 0.141497
0 0.904541 0.483421 0.130371 0.140840
0 0.913574 0.285620 0.132812 0.142482
0 0.896484 0.086835 0.139648 0.141497
