0 0.153320 0.088321 0.262695 0.146714
0 0.366455 0.107677 0.143066 0.104099
0 0.515381 0.105075 0.143066 0.107352
0 0.661621 0.104262 0.141602 0.105725
0 0.082520 0.288874 0.165039 0.140534
0 0.281982 0.275374 0.217285 0.168835
0 0.479492 0.288061 0.166016 0.137606
0 0.654785 0.287411 0.169922 0.142160
0 0.072266 0.488126 0.128906 0.143461
0 0.219971 0.487801 0.140137 0.140859
0 0.364258 0.484223 0.130859 0.143461
0 0.502441 0.484223 0.136719 0.142811
0 0.666016 0.484710 0.142578 0.147690
0 0.094971 0.688517 0.163574 0.142160
0 0.326416 0.701529 0.272949 0.111581
0 0.532715 0.687053 0.134766 0.140534
0 0.713623 0.703481 0.218262 0.107027
0 0.087891 0.902570 0.140625 0.110280
0 0.272461 0.902570 0.216797 0.109629
0 0.496338 0.901431 0.219238 0.108653
0 0.688965 0.883051 0.145508 0.143461
0 0.861328 0.898992 0.140625 0.112882
0 0.893555 0.703481 0.126953 0.102472
0 0.827148 0.482596 0.170898 0.145413
0 0.829346 0.288386 0.166504 0.142811
0 0.813965 0.087833 0.166016 0.143136
