0 0.222168 0.103009 0.181641 0.105952
0 0.414551 0.103826 0.179688 0.105625
0 0.612305 0.106115 0.180664 0.103663
0 0.109375 0.214192 0.155273 0.087639
0 0.267090 0.213375 0.156250 0.090582
0 0.425537 0.213702 0.157715 0.089274
0 0.584229 0.215010 0.159668 0.087312
0 0.745850 0.215500 0.155762 0.089601
0 0.111816 0.308371 0.152344 0.092217
0 0.267578 0.309189 0.154297 0.089928
0 0.424072 0.309680 0.158691 0.090909
0 0.581299 0.310661 0.156738 0.090909
0 0.738770 0.310497 0.159180 0.089274
0 0.106689 0.407292 0.155762 0.087966
0 0.261475 0.407783 0.156738 0.089601
0 0.417969 0.406148 0.159180 0.089601
0 0.574951 0.408437 0.158691 0.088293
0 0.735840 0.409418 0.159180 0.086985
0 0.109619 0.506704 0.152832 0.088620
0 0.263672 0.509156 0.156250 0.088293
0 0.421143 0.509320 0.152832 0.089274
0 0.576660 0.508502 0.156250 0.090255
0 0.734131 0.509320 0.155762 0.089274
0 0.103271 0.609876 0.158691 0.089601
0 0.262207 0.610366 0.153320 0.086004
0 0.418945 0.611184 0.151367 0.088293
0 0.572266 0.610857 0.154297 0.089601
0 0.732178 0.611347 0.156738 0.089928
0 0.107422 0.712394 0.155273 0.087312
0 0.261719 0.713375 0.152344 0.088620
0 0.414795 0.712884 0.153809 0.088293
0 0.571777 0.712557 0.158203 0.086985
0 0.729980 0.711903 0.159180 0.087639
0 0.103760 0.811151 0.151855 0.087966
0 0.257080 0.811315 0.152832 0.089601
0 0.412354 0.811478 0.156738 0.090582
0 0.571289 0.812786 0.154297 0.087966
0 0.732422 0.813767 0.154297 0.088620
0 0.257568 0.911053 0.155762 0.091563
0 0.417969 0.913506 0.157227 0.087966
0 0.707764 0.911871 0.221191 0.089274
0 0.894043 0.812786 0.154297 0.089274
0 0.887451 0.713375 0.154785 0.089928
0 0.889648 0.612492 0.153320 0.088293
0 0.890381 0.510137 0.153809 0.089601
0 0.897705 0.411380 0.155762 0.089601
0 0.904297 0.215173 0.152344 0.090255
0 0.791260 0.098430 0.154785 0.120340
