0 0.111328 0.105400 0.134766 0.105400
0 0.328613 0.106539 0.135742 0.099219
0 0.500000 0.112882 0.155273 0.087183
0 0.658936 0.112232 0.155762 0.087833
0 0.814453 0.103123 0.141602 0.106051
0 0.101074 0.215355 0.118164 0.087833
0 0.229248 0.215680 0.113770 0.085882
0 0.351807 0.213403 0.115723 0.087183
0 0.482178 0.215680 0.114746 0.085882
0 0.607422 0.214867 0.115234 0.085556
0 0.720947 0.214216 0.114746 0.085556
0 0.848389 0.214053 0.118652 0.089135
0 0.105469 0.309857 0.119141 0.084906
0 0.231445 0.309857 0.115234 0.086858
0 0.352783 0.309369 0.116699 0.087833
0 0.606445 0.307742 0.120117 0.090436
0 0.723389 0.309369 0.117676 0.090436
