0 0.090576 0.214450 0.115723 0.090105
0 0.208740 0.214777 0.114746 0.090105
0 0.324951 0.214122 0.113770 0.089450
0 0.445312 0.213467 0.116211 0.092071
0 0.563721 0.212484 0.116699 0.090105
0 0.684814 0.212975 0.116699 0.093054
0 0.807129 0.211337 0.111328 0.090433
0 0.924805 0.212484 0.111328 0.089450
0 0.799805 0.311107 0.115234 0.090760
0 0.681152 0.310780 0.118164 0.092726
0 0.560059 0.311435 0.120117 0.091415
0 0.440430 0.312582 0.116211 0.092398
0 0.323730 0.312910 0.115234 0.091743
0 0.207764 0.312582 0.116699 0.092398
0 0.088135 0.313073 0.116699 0.091415
0 0.091797 0.410059 0.117188 0.090105
0 0.205078 0.409731 0.112305 0.088794
0 0.320557 0.409567 0.113770 0.091743
0 0.435791 0.409404 0.115723 0.090760
0 0.553223 0.410387 0.117188 0.089450
0 0.673340 0.410059 0.113281 0.090105
0 0.796631 0.408093 0.112793 0.091415
0 0.919434 0.408257 0.120117 0.091743
0 0.092773 0.509830 0.114258 0.091743
0 0.206299 0.510649 0.114746 0.092071
0 0.321045 0.508519 0.115723 0.091743
0 0.436768 0.510157 0.115723 0.093054
0 0.088623 0.612713 0.118652 0.089122
0 0.204346 0.613041 0.113770 0.089122
0 0.320557 0.611894 0.115723 0.090105
0 0.437500 0.610092 0.114258 0.088467
0 0.556885 0.609273 0.119629 0.091415
0 0.674561 0.609273 0.104980 0.090760
0 0.788330 0.609273 0.115723 0.092071
0 0.912598 0.609764 0.113281 0.087811
0 0.089355 0.712975 0.113281 0.087811
0 0.203857 0.713303 0.116699 0.087811
0 0.317139 0.711828 0.112793 0.088794
0 0.433838 0.712156 0.116699 0.091415
0 0.553711 0.711501 0.116211 0.088794
0 0.669434 0.709535 0.115234 0.091415
0 0.787842 0.710845 0.115723 0.089450
0 0.918945 0.711009 0.114258 0.090433
0 0.085938 0.812090 0.119141 0.090105
0 0.201172 0.811107 0.117188 0.090105
0 0.315918 0.810288 0.119141 0.090433
0 0.432861 0.812418 0.114746 0.087484
0 0.556152 0.809142 0.114258 0.088794
0 0.667725 0.809961 0.114746 0.089122
0 0.784912 0.811763 0.114746 0.086173
0 0.914062 0.809961 0.115234 0.087811
0 0.088135 0.910059 0.118652 0.091415
0 0.206299 0.909567 0.114746 0.092398
0 0.323486 0.911042 0.114746 0.088794
0 0.437256 0.909076 0.119629 0.092726
0 0.558594 0.908585 0.113281 0.091743
0 0.674072 0.909731 0.113770 0.089450
0 0.794922 0.909895 0.114258 0.088467
0 0.917969 0.908093 0.117188 0.092726
