0 0.909180 0.916422 0.118164 0.090108
0 0.789307 0.914953 0.119629 0.092393
0 0.673828 0.916095 0.118164 0.088802
0 0.545654 0.914136 0.121582 0.092067
0 0.424072 0.915279 0.115723 0.091087
0 0.309082 0.914300 0.115234 0.091087
0 0.188477 0.915442 0.118164 0.088149
0 0.069824 0.914300 0.116211 0.089128
0 0.901123 0.817662 0.115723 0.092393
0 0.780518 0.817009 0.116699 0.089781
0 0.658691 0.817009 0.115234 0.089781
0 0.538574 0.816683 0.114258 0.089781
0 0.420410 0.816683 0.115234 0.087822
0 0.305176 0.816357 0.115234 0.089128
0 0.903076 0.717760 0.114746 0.088475
0 0.783447 0.718413 0.117676 0.087822
0 0.543701 0.716618 0.115723 0.088149
0 0.427979 0.715638 0.114746 0.089455
0 0.310059 0.716944 0.116211 0.090108
0 0.190186 0.716454 0.116699 0.089781
0 0.069824 0.715802 0.118164 0.089781
0 0.892334 0.616879 0.116699 0.090434
0 0.770020 0.616226 0.115234 0.089128
0 0.654785 0.615736 0.116211 0.090108
0 0.535400 0.615083 0.114746 0.090108
0 0.419434 0.615736 0.115234 0.089455
0 0.303955 0.615410 0.117676 0.089455
0 0.187256 0.614430 0.112793 0.088802
0 0.069336 0.613777 0.116211 0.092720
0 0.894043 0.516324 0.115234 0.091087
0 0.770020 0.516977 0.119141 0.089128
0 0.651855 0.516977 0.115234 0.089128
0 0.534668 0.517140 0.117188 0.088149
0 0.417725 0.515834 0.115723 0.092067
0 0.299316 0.516161 0.116211 0.089455
0 0.182861 0.515181 0.113770 0.090108
0 0.066406 0.515344 0.117188 0.089128
0 0.892822 0.415442 0.116699 0.091740
0 0.765869 0.415606 0.117676 0.090108
0 0.649170 0.414463 0.114746 0.090434
0 0.532715 0.415932 0.114258 0.088802
0 0.416992 0.415116 0.115234 0.089128
0 0.297363 0.414789 0.116211 0.091087
0 0.180420 0.414626 0.116699 0.089455
0 0.064209 0.414463 0.118652 0.089781
0 0.886230 0.319948 0.118164 0.089455
0 0.768799 0.318642 0.117676 0.088802
0 0.651367 0.318642 0.116211 0.090761
0 0.537354 0.318805 0.115723 0.089128
0 0.419434 0.318315 0.120117 0.088802
0 0.297363 0.317662 0.118164 0.090761
0 0.177490 0.317989 0.114746 0.088802
0 0.062988 0.318968 0.116211 0.087496
0 0.887695 0.221352 0.117188 0.089455
0 0.768066 0.221515 0.113281 0.088475
0 0.653076 0.219719 0.115723 0.090108
0 0.533691 0.219230 0.117188 0.091740
0 0.413086 0.218903 0.116211 0.088475
0 0.296875 0.218740 0.114258 0.090761
0 0.179932 0.218577 0.112793 0.090434
0 0.061523 0.219719 0.117188 0.089455
0 0.775879 0.119327 0.119141 0.092393
0 0.652832 0.118675 0.117188 0.093046
0 0.528809 0.118348 0.117188 0.089781
0 0.110107 0.109370 0.191895 0.106432
