0 0.204834 0.087312 0.162598 0.143885
0 0.366699 0.086985 0.129883 0.141923
0 0.512939 0.087475 0.132324 0.141596
0 0.649414 0.085513 0.133789 0.144212
0 0.783936 0.085513 0.134277 0.142904
0 0.919434 0.087312 0.130859 0.142577
0 0.092773 0.215173 0.120117 0.088947
0 0.213135 0.215010 0.116699 0.089928
0 0.334961 0.213702 0.119141 0.089274
0 0.457764 0.212884 0.118652 0.090255
0 0.578613 0.213375 0.120117 0.090582
0 0.699463 0.214029 0.113770 0.089274
0 0.811279 0.214029 0.115723 0.087966
0 0.929443 0.213211 0.113770 0.090255
0 0.091553 0.309680 0.118652 0.092217
0 0.211182 0.309843 0.115723 0.089928
0 0.331787 0.309680 0.117676 0.089601
0 0.453369 0.309026 0.112793 0.092871
0 0.576660 0.307390 0.120117 0.092871
0 0.696777 0.309516 0.116211 0.091890
0 0.812988 0.308535 0.117188 0.091236
0 0.929199 0.308698 0.115234 0.090255
0 0.093018 0.409745 0.119629 0.090909
0 0.214844 0.408437 0.115234 0.092217
0 0.333740 0.409091 0.115723 0.090909
0 0.451904 0.408110 0.110840 0.090909
0 0.574219 0.407619 0.119141 0.093198
0 0.692871 0.407292 0.116211 0.089274
0 0.809814 0.407783 0.117676 0.088947
0 0.924561 0.408273 0.114746 0.089274
0 0.095459 0.509974 0.115723 0.089928
0 0.236572 0.516351 0.134277 0.078483
0 0.375000 0.516187 0.131836 0.077502
0 0.505371 0.514879 0.130859 0.078810
0 0.639160 0.514879 0.130859 0.076848
0 0.772705 0.515206 0.133301 0.077502
0 0.916016 0.514552 0.132812 0.079464
0 0.100098 0.617233 0.135742 0.076848
0 0.237061 0.618215 0.134277 0.078156
0 0.371338 0.616906 0.132324 0.077502
0 0.506104 0.615598 0.131348 0.076848
0 0.636719 0.617070 0.134766 0.075867
0 0.774902 0.616579 0.131836 0.079464
0 0.917969 0.616416 0.134766 0.078483
0 0.102295 0.717953 0.133301 0.078156
0 0.232178 0.720733 0.127441 0.075213
0 0.365967 0.718607 0.133301 0.079464
0 0.504395 0.718770 0.133789 0.077175
0 0.640137 0.718770 0.134766 0.077175
0 0.775879 0.718934 0.130859 0.074886
0 0.916260 0.718770 0.129395 0.074559
0 0.099121 0.821452 0.128906 0.073250
0 0.229492 0.819980 0.130859 0.075540
0 0.362061 0.819490 0.128418 0.074559
0 0.499268 0.819326 0.128418 0.074886
0 0.639160 0.818672 0.130859 0.078156
0 0.773682 0.818672 0.130371 0.076194
0 0.914551 0.817855 0.136719 0.075213
0 0.306396 0.913015 0.109863 0.088947
0 0.424072 0.915468 0.116699 0.084042
0 0.546875 0.912361 0.113281 0.091563
0 0.668213 0.911380 0.112793 0.090255
0 0.792236 0.912361 0.111816 0.088293
0 0.085693 0.913179 0.105957 0.087966
0 0.190430 0.912198 0.106445 0.084696
