0 0.090088 0.092864 0.140137 0.132942
0 0.235840 0.091235 0.141602 0.135549
0 0.381836 0.091724 0.139648 0.133920
0 0.540527 0.092864 0.162109 0.129032
0 0.735596 0.104431 0.193848 0.108504
0 0.074951 0.220430 0.133301 0.077876
0 0.210449 0.219616 0.133789 0.079505
0 0.347900 0.219453 0.136230 0.079831
0 0.481445 0.219127 0.131836 0.077876
0 0.613037 0.218638 0.130371 0.080156
0 0.746582 0.218964 0.134766 0.078201
0 0.886230 0.221733 0.139648 0.075920
0 0.881836 0.315249 0.137695 0.079831
0 0.743896 0.314598 0.136230 0.077876
0 0.611084 0.314761 0.132324 0.078201
0 0.476074 0.312643 0.135742 0.080482
0 0.341064 0.313946 0.133301 0.079179
0 0.210693 0.314761 0.133301 0.079505
0 0.076660 0.314272 0.131836 0.077224
0 0.074707 0.413816 0.134766 0.078201
0 0.208008 0.413327 0.131836 0.077224
0 0.342773 0.413164 0.133789 0.078853
0 0.477051 0.413653 0.132812 0.077876
0 0.612305 0.414141 0.133789 0.079505
0 0.748291 0.413816 0.136230 0.078853
0 0.891846 0.412186 0.141113 0.080156
0 0.891113 0.510916 0.117188 0.088628
0 0.768311 0.509449 0.118652 0.088954
0 0.640869 0.508961 0.116699 0.090583
0 0.526123 0.509123 0.116699 0.089606
0 0.342529 0.515152 0.130371 0.079505
0 0.206787 0.514663 0.130371 0.077224
0 0.072998 0.514337 0.131348 0.077876
0 0.071533 0.611600 0.117676 0.091887
0 0.195557 0.611437 0.114746 0.088954
0 0.307373 0.613066 0.107910 0.090257
0 0.416748 0.612089 0.107910 0.087651
0 0.530518 0.612414 0.110840 0.088302
0 0.643311 0.612252 0.107910 0.088628
0 0.757812 0.612089 0.110352 0.090257
0 0.880615 0.611926 0.109863 0.087977
0 0.878662 0.712773 0.112793 0.087651
0 0.758545 0.712610 0.113770 0.089932
0 0.634766 0.712284 0.112305 0.087977
0 0.525879 0.710818 0.109375 0.086347
0 0.415039 0.712284 0.105469 0.088628
0 0.308838 0.713587 0.110840 0.086673
0 0.193359 0.713913 0.108398 0.087977
0 0.072998 0.714076 0.112793 0.088302
0 0.073730 0.812805 0.112305 0.086999
0 0.193604 0.812154 0.107910 0.085696
0 0.306641 0.812968 0.109375 0.088628
0 0.421875 0.813294 0.110352 0.086673
0 0.572021 0.811339 0.188965 0.087977
0 0.732666 0.812805 0.112793 0.088954
0 0.852539 0.813783 0.109375 0.089606
0 0.795898 0.912349 0.117188 0.090583
0 0.669678 0.911209 0.118652 0.090257
0 0.545410 0.911209 0.120117 0.089606
0 0.418213 0.912838 0.110840 0.088302
0 0.304932 0.913327 0.107910 0.088628
0 0.189697 0.913164 0.109863 0.088302
0 0.074707 0.913327 0.113281 0.088628
