0 0.254639 0.104153 0.250488 0.110203
0 0.513672 0.105298 0.250977 0.108568
0 0.777100 0.104807 0.251465 0.107587
0 0.110107 0.219261 0.140137 0.081426
0 0.256348 0.218607 0.139648 0.082080
0 0.393066 0.221714 0.128906 0.075867
0 0.529053 0.218934 0.136230 0.081426
0 0.657959 0.208633 0.115723 0.088947
0 0.794189 0.214683 0.116699 0.088620
0 0.921143 0.220078 0.133301 0.078483
0 0.859619 0.318509 0.138184 0.078483
0 0.724365 0.312296 0.117676 0.092217
0 0.585938 0.313277 0.127930 0.078483
0 0.460205 0.312296 0.115723 0.088293
0 0.343506 0.312296 0.115723 0.090909
0 0.222656 0.313113 0.118164 0.089928
0 0.103027 0.313277 0.118164 0.090255
0 0.094971 0.411053 0.112793 0.087639
0 0.215088 0.410889 0.109863 0.087966
0 0.330811 0.410072 0.110840 0.088293
0 0.444336 0.411380 0.111328 0.088293
0 0.572754 0.417103 0.130859 0.075540
0 0.706055 0.417593 0.134766 0.074559
0 0.844482 0.416939 0.130371 0.074559
0 0.761475 0.507521 0.124512 0.094833
0 0.634033 0.508339 0.122559 0.095160
0 0.502686 0.513244 0.138184 0.085350
0 0.365479 0.518967 0.132324 0.075213
0 0.233398 0.518803 0.129883 0.074886
0 0.102783 0.518313 0.132324 0.074559
0 0.095459 0.607750 0.113770 0.086004
0 0.317139 0.609222 0.311035 0.084369
0 0.544189 0.607914 0.110840 0.086985
0 0.665283 0.604971 0.109863 0.087639
0 0.843750 0.600719 0.197266 0.092217
0 0.906982 0.703401 0.127441 0.108568
0 0.767822 0.701439 0.133301 0.108568
0 0.636475 0.702420 0.134277 0.107260
0 0.502197 0.702583 0.130371 0.109549
0 0.364502 0.703401 0.128418 0.107260
0 0.166992 0.703074 0.250000 0.105952
0 0.217041 0.803957 0.368652 0.093852
0 0.531250 0.810497 0.209961 0.087312
0 0.744629 0.807227 0.208008 0.086658
0 0.903320 0.900752 0.132812 0.107587
0 0.666260 0.911216 0.160645 0.088620
0 0.509033 0.911053 0.158691 0.087639
0 0.361084 0.902387 0.130371 0.107587
0 0.233398 0.901079 0.131836 0.106933
0 0.101074 0.901733 0.130859 0.107587
