0 0.093018 0.089932 0.135254 0.142717
0 0.237061 0.094493 0.137207 0.132942
0 0.382812 0.092701 0.139648 0.135223
0 0.554688 0.104106 0.192383 0.107853
0 0.762451 0.106061 0.192871 0.109808
0 0.731934 0.213099 0.196289 0.092538
0 0.524658 0.213425 0.198730 0.093190
0 0.315430 0.213750 0.194336 0.091235
0 0.118652 0.216194 0.195312 0.091561
0 0.118408 0.313620 0.200684 0.092212
0 0.325195 0.312317 0.199219 0.096123
0 0.529297 0.312968 0.200195 0.092212
0 0.740967 0.314109 0.198730 0.089932
0 0.907959 0.304822 0.132324 0.109156
0 0.744873 0.409417 0.197754 0.092864
0 0.538574 0.408439 0.199219 0.094819
0 0.336426 0.407950 0.200195 0.095797
0 0.125732 0.410394 0.202637 0.093516
0 0.119141 0.510753 0.202148 0.095471
0 0.320068 0.510427 0.200684 0.096123
0 0.523438 0.509612 0.197266 0.093842
0 0.737305 0.510101 0.202148 0.095471
0 0.903809 0.502118 0.126953 0.109482
0 0.767578 0.608504 0.215820 0.087651
0 0.558594 0.611763 0.211914 0.087651
0 0.347656 0.613066 0.210938 0.088302
0 0.132080 0.614044 0.211426 0.088302
0 0.118652 0.713425 0.216797 0.088302
0 0.329590 0.715054 0.209961 0.087651
0 0.538574 0.709352 0.216797 0.097752
0 0.745361 0.710981 0.193848 0.093190
0 0.909912 0.705116 0.132324 0.109482
0 0.750977 0.812154 0.209961 0.088302
0 0.522217 0.810199 0.197754 0.096123
0 0.325195 0.813946 0.160156 0.087977
0 0.125244 0.812805 0.208496 0.090257
0 0.119873 0.910557 0.202637 0.094819
0 0.327393 0.909743 0.193848 0.093842
0 0.532471 0.909906 0.199707 0.092864
0 0.737061 0.908928 0.199707 0.094819
0 0.905029 0.903226 0.127441 0.106224
