0 0.249512 0.104146 0.251953 0.107085
0 0.505371 0.103167 0.251953 0.107085
0 0.706787 0.080803 0.143066 0.154424
0 0.864746 0.093373 0.162109 0.128632
0 0.846924 0.205191 0.140137 0.081946
0 0.689453 0.205844 0.141602 0.081293
0 0.530518 0.214332 0.158691 0.087169
0 0.343018 0.213679 0.192871 0.089781
0 0.141357 0.212373 0.196777 0.091740
0 0.152588 0.307378 0.202637 0.093699
0 0.343994 0.309664 0.164551 0.087822
0 0.512451 0.309011 0.161621 0.089128
0 0.718018 0.299543 0.131348 0.108717
0 0.850098 0.300033 0.130859 0.109696
0 0.765625 0.405975 0.172852 0.096311
0 0.569580 0.408750 0.212402 0.088149
0 0.358398 0.406464 0.189453 0.094678
0 0.147461 0.406954 0.213867 0.096311
0 0.117676 0.571172 0.161133 0.168789
0 0.282715 0.590271 0.162109 0.128632
0 0.447754 0.590271 0.160156 0.130591
0 0.616211 0.589944 0.164062 0.131244
0 0.786133 0.589944 0.163086 0.131897
0 0.825439 0.711394 0.213379 0.091414
0 0.587402 0.712373 0.214844 0.089455
0 0.367676 0.711884 0.213867 0.087822
0 0.149170 0.711394 0.216309 0.088149
0 0.150146 0.805093 0.213379 0.103820
0 0.370850 0.808684 0.209473 0.095984
0 0.582275 0.808521 0.209473 0.095658
0 0.155029 0.908750 0.214355 0.095005
0 0.420898 0.909729 0.311523 0.088475
0 0.796875 0.809337 0.174805 0.097290
