0 0.099365 0.092388 0.161621 0.115159
0 0.293213 0.094340 0.213379 0.112557
0 0.528809 0.092062 0.251953 0.109954
0 0.775635 0.086532 0.193848 0.109954
0 0.851807 0.206409 0.132324 0.108979
0 0.703613 0.200878 0.164062 0.114183
0 0.515869 0.204294 0.197754 0.110605
0 0.314453 0.204131 0.196289 0.108979
0 0.117676 0.204945 0.195312 0.109304
0 0.148926 0.392160 0.252930 0.108979
0 0.377441 0.394437 0.191406 0.111581
0 0.537842 0.394763 0.129395 0.107677
0 0.667480 0.394112 0.128906 0.103774
0 0.803467 0.394763 0.131348 0.108979
0 0.834961 0.500651 0.130859 0.107352
0 0.692871 0.500651 0.137695 0.107352
0 0.555420 0.500813 0.138184 0.108328
0 0.345947 0.501952 0.251465 0.106051
0 0.120117 0.499837 0.193359 0.107677
