0 0.098633 0.098921 0.150391 0.122629
0 0.250244 0.098757 0.148926 0.121648
0 0.451904 0.103172 0.247559 0.109549
0 0.723389 0.104644 0.245605 0.110530
0 0.078369 0.218443 0.113770 0.085023
0 0.193359 0.217462 0.111328 0.086331
0 0.310303 0.217299 0.107910 0.086004
0 0.429443 0.217135 0.113770 0.086331
0 0.545898 0.217299 0.109375 0.084042
0 0.659668 0.215991 0.113281 0.088620
0 0.773193 0.216645 0.111816 0.087966
0 0.892334 0.218116 0.111816 0.088293
0 0.888916 0.315075 0.110840 0.086004
0 0.772705 0.315729 0.109863 0.084696
0 0.661621 0.315566 0.109375 0.084369
0 0.541748 0.315893 0.113770 0.086331
0 0.426270 0.316220 0.113281 0.085677
0 0.309814 0.316383 0.110840 0.086004
0 0.193848 0.316710 0.113281 0.084696
0 0.076660 0.316056 0.112305 0.086004
0 0.076660 0.412852 0.111328 0.086004
0 0.195312 0.412525 0.110352 0.086658
0 0.312744 0.411871 0.111816 0.084042
0 0.426514 0.412852 0.112793 0.086658
0 0.545166 0.412361 0.111816 0.085677
0 0.661133 0.412525 0.110352 0.084696
0 0.774658 0.412361 0.110840 0.087639
0 0.891602 0.412688 0.111328 0.085023
0 0.073242 0.512917 0.114258 0.087312
0 0.190430 0.512917 0.110352 0.087966
0 0.306152 0.514061 0.111328 0.084369
0 0.418945 0.513898 0.109375 0.084696
0 0.537842 0.514061 0.112793 0.084369
0 0.654541 0.513734 0.111816 0.085023
0 0.771484 0.513898 0.109375 0.084696
0 0.890869 0.514061 0.110840 0.085677
0 0.074707 0.614127 0.111328 0.086985
0 0.188965 0.613800 0.110352 0.086331
0 0.302490 0.613146 0.107910 0.085023
0 0.417236 0.612492 0.109863 0.087639
0 0.534912 0.612982 0.111816 0.086658
0 0.653320 0.612328 0.113281 0.086004
0 0.773193 0.612328 0.110840 0.086004
0 0.069336 0.714029 0.108398 0.084696
0 0.185059 0.715010 0.109375 0.086004
0 0.301025 0.714846 0.110840 0.086331
0 0.466797 0.715664 0.210938 0.087312
0 0.686768 0.715010 0.211426 0.086004
0 0.872559 0.713865 0.113281 0.086985
0 0.120605 0.813767 0.213867 0.086004
0 0.299805 0.813604 0.113281 0.088947
0 0.423096 0.814585 0.113770 0.086985
0 0.540039 0.813113 0.110352 0.088620
0 0.656494 0.813113 0.112793 0.086658
0 0.777100 0.814421 0.112793 0.086658
0 0.894043 0.814421 0.109375 0.087312
0 0.183838 0.912688 0.312988 0.085023
0 0.408203 0.911053 0.113281 0.086985
0 0.532471 0.912198 0.112793 0.087966
0 0.649902 0.912034 0.112305 0.086985
0 0.773193 0.912198 0.110840 0.086658
0 0.893066 0.912198 0.110352 0.087966
