0 0.295166 0.102027 0.364746 0.111184
0 0.604492 0.100883 0.245117 0.112165
0 0.797852 0.101210 0.128906 0.112819
0 0.092529 0.215664 0.112793 0.087312
0 0.264160 0.215173 0.212891 0.086331
0 0.436523 0.216481 0.112305 0.088293
0 0.549072 0.215010 0.110840 0.086004
0 0.666016 0.215010 0.110352 0.085350
0 0.781250 0.214519 0.111328 0.086331
0 0.899658 0.215173 0.112793 0.083715
0 0.149902 0.309026 0.214844 0.085023
0 0.317383 0.310661 0.112305 0.086331
0 0.435303 0.310824 0.111816 0.085350
0 0.552002 0.311151 0.112793 0.087312
0 0.671143 0.310334 0.108887 0.085023
0 0.784424 0.310661 0.110840 0.085677
0 0.903320 0.310007 0.111328 0.085023
0 0.097168 0.410562 0.114258 0.086004
0 0.218262 0.410072 0.111328 0.086985
0 0.331055 0.409745 0.108398 0.086331
0 0.502197 0.409091 0.213379 0.084369
0 0.673584 0.409745 0.107910 0.085677
0 0.790527 0.409581 0.111328 0.084696
0 0.913574 0.509156 0.114258 0.290386
0 0.102295 0.510464 0.112793 0.086331
0 0.224609 0.511609 0.110352 0.086004
0 0.338867 0.511445 0.111328 0.085677
0 0.453369 0.511445 0.110840 0.087639
0 0.567139 0.511118 0.110840 0.086331
0 0.680908 0.510137 0.110840 0.086331
0 0.797119 0.510137 0.108887 0.086331
0 0.100586 0.612165 0.112305 0.085677
0 0.222656 0.613309 0.108398 0.086658
0 0.340332 0.612819 0.111328 0.085023
0 0.454346 0.612001 0.111816 0.085350
0 0.567871 0.612328 0.112305 0.086004
0 0.682861 0.610693 0.111816 0.086004
0 0.799561 0.610530 0.109863 0.085677
0 0.099854 0.713702 0.113770 0.086004
0 0.218506 0.714683 0.109863 0.086004
0 0.336670 0.714192 0.109863 0.083715
0 0.445068 0.713375 0.111816 0.086658
0 0.562012 0.712884 0.110352 0.085677
0 0.680176 0.712884 0.108398 0.085677
0 0.806396 0.710432 0.111816 0.086658
0 0.926514 0.710922 0.109863 0.088293
0 0.091553 0.814258 0.113770 0.086331
0 0.211182 0.813604 0.114746 0.089601
0 0.325439 0.812950 0.107910 0.085023
0 0.445801 0.813277 0.112305 0.087639
0 0.566650 0.813604 0.111816 0.085677
0 0.697998 0.811151 0.110840 0.086658
0 0.812500 0.812786 0.110352 0.085350
0 0.931885 0.811642 0.110840 0.085677
0 0.095215 0.914487 0.109375 0.085350
0 0.213867 0.913506 0.109375 0.086658
0 0.325928 0.914814 0.109863 0.086658
0 0.445312 0.913833 0.110352 0.086658
0 0.568604 0.913506 0.112793 0.086658
0 0.689453 0.911543 0.110352 0.087312
0 0.807373 0.910399 0.111816 0.084369
0 0.924561 0.911053 0.112793 0.086331
