0 0.135498 0.100847 0.241699 0.112414
0 0.333496 0.097426 0.143555 0.120560
0 0.474121 0.103617 0.129883 0.104920
0 0.607422 0.101662 0.135742 0.114695
0 0.748047 0.101988 0.127930 0.113392
0 0.075439 0.216683 0.111816 0.087325
0 0.190186 0.216031 0.112793 0.086022
0 0.308105 0.211632 0.112305 0.091561
0 0.428223 0.215380 0.116211 0.086673
0 0.541992 0.216031 0.111328 0.086673
0 0.658691 0.215380 0.112305 0.084718
0 0.823486 0.214239 0.214355 0.086347
0 0.075195 0.310525 0.112305 0.084718
0 0.193848 0.309710 0.111328 0.085044
0 0.312988 0.311665 0.110352 0.085696
0 0.427979 0.310199 0.111816 0.087325
0 0.541992 0.309547 0.112305 0.086673
0 0.658936 0.310036 0.111816 0.087651
0 0.770020 0.311339 0.112305 0.085044
0 0.895996 0.310036 0.113281 0.086347
0 0.076660 0.409254 0.111328 0.086022
0 0.190186 0.409906 0.113770 0.087977
0 0.305908 0.409417 0.113770 0.087651
0 0.430176 0.409743 0.112305 0.087651
0 0.547852 0.408602 0.113281 0.086022
0 0.663330 0.409580 0.110840 0.085370
0 0.779785 0.409254 0.112305 0.087325
0 0.899658 0.407950 0.110840 0.088628
0 0.074463 0.511404 0.113770 0.088302
0 0.245850 0.509612 0.214355 0.085370
0 0.416260 0.510101 0.110840 0.088302
0 0.588135 0.509123 0.216309 0.085696
0 0.767334 0.510916 0.112793 0.086673
0 0.891357 0.511404 0.112793 0.086347
0 0.079590 0.612577 0.112305 0.086673
0 0.195801 0.612577 0.112305 0.089280
0 0.369141 0.611763 0.214844 0.087651
0 0.539795 0.613718 0.113770 0.086347
0 0.652344 0.613555 0.109375 0.086022
0 0.769531 0.612414 0.114258 0.087651
0 0.886230 0.613229 0.113281 0.085370
0 0.079346 0.713913 0.114746 0.087325
0 0.194824 0.713750 0.110352 0.085044
0 0.312256 0.714728 0.111816 0.087651
0 0.427734 0.714565 0.112305 0.085370
0 0.543457 0.713913 0.113281 0.084066
0 0.778320 0.713750 0.112305 0.085696
0 0.893066 0.712936 0.111328 0.089280
0 0.077148 0.813620 0.116211 0.086673
0 0.260254 0.813131 0.222656 0.085044
0 0.433594 0.813131 0.111328 0.088302
0 0.546143 0.810688 0.113770 0.089932
0 0.781494 0.809873 0.115723 0.088302
0 0.898438 0.812480 0.115234 0.087651
0 0.091309 0.911861 0.114258 0.086347
0 0.208984 0.912186 0.118164 0.086999
0 0.321533 0.914304 0.113770 0.087325
0 0.436768 0.913327 0.112793 0.084718
0 0.553955 0.912349 0.114746 0.087325
0 0.666992 0.912512 0.113281 0.088954
0 0.661377 0.812317 0.111816 0.086673
0 0.851562 0.912838 0.165039 0.085696
