0 0.135254 0.107527 0.251953 0.112089
0 0.349121 0.107201 0.131836 0.112740
0 0.492920 0.105572 0.132324 0.114695
0 0.644287 0.105246 0.129395 0.115999
0 0.794434 0.105572 0.129883 0.114044
0 0.070557 0.220756 0.113770 0.085696
0 0.187988 0.219778 0.112305 0.085044
0 0.317627 0.220267 0.112793 0.087325
0 0.487061 0.218475 0.215332 0.087651
0 0.708740 0.217172 0.218262 0.087651
0 0.885010 0.217986 0.113770 0.086673
0 0.893066 0.318671 0.112305 0.087325
0 0.772705 0.317530 0.110840 0.085696
0 0.656250 0.317856 0.118164 0.086999
0 0.528564 0.318996 0.114746 0.086673
0 0.358643 0.318996 0.217285 0.085370
0 0.126221 0.319485 0.216309 0.086999
0 0.069824 0.415934 0.111328 0.085696
0 0.186279 0.417400 0.113770 0.086673
0 0.360107 0.415445 0.217285 0.086022
0 0.533691 0.414630 0.112305 0.086347
0 0.652100 0.411535 0.114746 0.088628
0 0.772217 0.413490 0.111816 0.087977
0 0.900391 0.476703 0.114258 0.164875
0 0.778809 0.515803 0.115234 0.086673
0 0.652100 0.516455 0.113770 0.086673
0 0.534912 0.515477 0.117676 0.086022
0 0.362549 0.516781 0.216309 0.087325
0 0.126953 0.516781 0.213867 0.087325
0 0.173096 0.616813 0.317871 0.086022
0 0.409424 0.617302 0.111816 0.086347
0 0.597900 0.615184 0.215332 0.087325
0 0.776123 0.615510 0.114746 0.088628
0 0.903076 0.614370 0.112793 0.085696
0 0.899414 0.716194 0.114258 0.087325
0 0.774902 0.716846 0.113281 0.087977
0 0.594971 0.716357 0.215332 0.089606
0 0.406494 0.717823 0.113770 0.087325
0 0.288330 0.719290 0.111816 0.086347
0 0.122803 0.717660 0.214355 0.085044
0 0.125977 0.817856 0.215820 0.086022
0 0.370117 0.818019 0.212891 0.086999
0 0.605225 0.817204 0.212402 0.087325
0 0.779541 0.817530 0.112793 0.087325
0 0.900879 0.816716 0.112305 0.085044
0 0.908203 0.914793 0.113281 0.086999
0 0.779053 0.914956 0.114746 0.087325
0 0.592773 0.916096 0.214844 0.086999
0 0.363037 0.915445 0.213379 0.086347
0 0.130371 0.916585 0.212891 0.086022
