0 0.205078 0.104971 0.129883 0.112492
0 0.339111 0.104153 0.128418 0.111511
0 0.557373 0.116906 0.168457 0.086658
0 0.718994 0.114127 0.107910 0.088293
0 0.916748 0.217462 0.112793 0.089601
0 0.794434 0.217789 0.112305 0.087639
0 0.620605 0.218280 0.211914 0.087312
0 0.452148 0.216972 0.112305 0.087312
0 0.340088 0.217135 0.117676 0.088293
0 0.217041 0.218280 0.116699 0.087966
0 0.093994 0.275016 0.113770 0.167430
0 0.210693 0.314421 0.112793 0.086004
0 0.325928 0.313604 0.111816 0.087639
0 0.442627 0.314258 0.110840 0.084369
0 0.557129 0.312459 0.108398 0.084696
0 0.673340 0.313277 0.110352 0.087639
0 0.791748 0.312459 0.111816 0.087312
0 0.916992 0.312786 0.110352 0.087312
0 0.838623 0.413342 0.175293 0.086985
0 0.651367 0.413342 0.169922 0.085677
0 0.449219 0.413669 0.111328 0.086985
0 0.330566 0.413015 0.114258 0.087639
0 0.217041 0.412525 0.110840 0.086658
0 0.098145 0.414650 0.113281 0.086331
0 0.128418 0.574559 0.169922 0.168084
0 0.300537 0.574559 0.168457 0.167430
0 0.478760 0.573741 0.166504 0.168411
0 0.654053 0.511936 0.165527 0.086658
0 0.846191 0.513571 0.166016 0.086004
0 0.654785 0.614617 0.168945 0.087312
0 0.845215 0.614944 0.164062 0.085350
0 0.838867 0.715664 0.167969 0.087312
0 0.655518 0.715173 0.168457 0.088947
0 0.471436 0.715991 0.167480 0.089274
0 0.298584 0.715500 0.168457 0.087639
0 0.129395 0.716481 0.168945 0.086331
0 0.208252 0.815566 0.323730 0.088293
0 0.469727 0.815402 0.166016 0.087312
0 0.647217 0.816547 0.169434 0.085677
0 0.841797 0.814912 0.168945 0.086985
0 0.918213 0.911707 0.158691 0.090909
0 0.758057 0.913996 0.156738 0.088947
0 0.577637 0.908437 0.192383 0.096795
0 0.365234 0.916285 0.216797 0.087639
0 0.141602 0.917266 0.215820 0.085677
0 0.820068 0.112982 0.097168 0.087312
0 0.915771 0.114290 0.104004 0.087966
