0 0.102051 0.112252 0.177734 0.103943
0 0.270264 0.102639 0.148926 0.119909
0 0.421387 0.102151 0.151367 0.120235
0 0.576172 0.101825 0.152344 0.121538
0 0.739746 0.100521 0.152344 0.122841
0 0.069580 0.220756 0.113770 0.086999
0 0.182861 0.219127 0.112793 0.088302
0 0.293701 0.219616 0.111816 0.087325
0 0.404541 0.218475 0.110840 0.086999
0 0.514404 0.219616 0.111816 0.088628
0 0.627686 0.219290 0.115723 0.088628
0 0.740967 0.217823 0.113770 0.086347
0 0.859131 0.218149 0.111816 0.088302
0 0.868896 0.312643 0.116699 0.088302
0 0.748047 0.313294 0.114258 0.088302
0 0.636963 0.313457 0.111816 0.086022
0 0.522949 0.311991 0.111328 0.085696
0 0.409180 0.314435 0.115234 0.087325
0 0.296387 0.315249 0.113281 0.086347
0 0.180420 0.316390 0.111816 0.086673
0 0.069092 0.314598 0.117676 0.088302
0 0.094971 0.415119 0.153809 0.087325
0 0.251221 0.413490 0.152832 0.087977
0 0.401123 0.411535 0.150879 0.087325
0 0.553223 0.412186 0.153320 0.087325
0 0.708252 0.412512 0.156738 0.087325
0 0.867920 0.411535 0.155762 0.088628
0 0.870361 0.512708 0.154785 0.086999
0 0.718262 0.512545 0.155273 0.085370
0 0.564941 0.514011 0.157227 0.088954
0 0.407959 0.514011 0.154785 0.088302
0 0.250977 0.514500 0.155273 0.087325
0 0.095947 0.514826 0.156738 0.087977
0 0.093262 0.616162 0.158203 0.087325
0 0.248535 0.615999 0.155273 0.089606
0 0.407227 0.615673 0.157227 0.087651
0 0.566650 0.615021 0.155762 0.088302
0 0.724365 0.612252 0.152832 0.089280
0 0.879883 0.615021 0.158203 0.087651
0 0.880127 0.716194 0.158691 0.088628
0 0.720215 0.716194 0.157227 0.087325
0 0.564697 0.717009 0.158691 0.086999
0 0.404785 0.717498 0.156250 0.086673
0 0.248779 0.717335 0.154785 0.087651
0 0.088135 0.717009 0.157715 0.086999
0 0.088867 0.817693 0.161133 0.087651
0 0.245605 0.818019 0.155273 0.087651
0 0.405518 0.815575 0.155762 0.087977
0 0.563721 0.816390 0.156738 0.087651
0 0.719482 0.816064 0.151855 0.084392
0 0.879883 0.875041 0.157227 0.171065
0 0.720703 0.915119 0.160156 0.088954
0 0.561035 0.915934 0.156250 0.088628
0 0.407715 0.916422 0.154297 0.088302
0 0.252441 0.917400 0.157227 0.086347
0 0.092529 0.916748 0.157715 0.086999
