0 0.171387 0.110092 0.131836 0.105505
0 0.302490 0.109273 0.126465 0.105832
0 0.431152 0.105177 0.129883 0.106160
0 0.561279 0.105013 0.130371 0.105832
0 0.693359 0.105177 0.128906 0.104194
0 0.872070 0.107471 0.191406 0.094364
0 0.905029 0.211009 0.133301 0.106160
0 0.760986 0.209535 0.132324 0.109109
0 0.624023 0.210026 0.133789 0.104194
0 0.494873 0.211337 0.132324 0.104194
0 0.366211 0.210682 0.129883 0.104849
0 0.239258 0.211501 0.129883 0.100590
0 0.104980 0.211664 0.132812 0.103539
0 0.103271 0.359600 0.129395 0.198231
0 0.240723 0.310780 0.129883 0.103211
0 0.244141 0.415465 0.155273 0.087811
0 0.398438 0.415301 0.153320 0.088139
0 0.569336 0.411042 0.187500 0.094037
0 0.741943 0.415957 0.151855 0.085518
0 0.893555 0.414646 0.154297 0.087484
0 0.111816 0.516383 0.157227 0.088467
0 0.273193 0.516710 0.153809 0.086501
0 0.429688 0.515564 0.152344 0.086828
0 0.582275 0.515564 0.153809 0.085518
0 0.736084 0.514744 0.155762 0.088467
0 0.892822 0.514744 0.155762 0.088467
0 0.900879 0.613860 0.158203 0.090105
0 0.745117 0.615334 0.156250 0.086501
0 0.588867 0.614351 0.156250 0.089777
0 0.428955 0.613204 0.154785 0.088139
0 0.270996 0.615170 0.155273 0.088139
0 0.109375 0.616317 0.155273 0.091088
0 0.111816 0.716579 0.154297 0.087156
0 0.267578 0.717398 0.155273 0.087484
0 0.424072 0.716415 0.155762 0.088794
0 0.585938 0.716252 0.155273 0.087811
0 0.741455 0.716088 0.154785 0.088139
0 0.901611 0.716088 0.156738 0.087484
0 0.892822 0.813565 0.187988 0.094364
0 0.699463 0.812418 0.188965 0.092726
0 0.506836 0.813565 0.190430 0.092398
0 0.313477 0.812418 0.190430 0.093381
0 0.119629 0.813729 0.193359 0.092726
0 0.138184 0.914482 0.216797 0.087811
0 0.337891 0.912353 0.186523 0.093381
0 0.525146 0.912189 0.188965 0.093054
0 0.716309 0.911370 0.189453 0.095347
0 0.902832 0.911533 0.189453 0.093709
0 0.403564 0.315531 0.187988 0.092398
0 0.575439 0.319135 0.155762 0.085190
0 0.732910 0.318807 0.153320 0.087156
0 0.891602 0.317824 0.155273 0.089122
