0 0.102783 0.088954 0.166504 0.141414
0 0.282227 0.083089 0.167969 0.153144
0 0.484131 0.088139 0.172363 0.143043
0 0.704102 0.085859 0.217773 0.144998
0 0.834961 0.264744 0.168945 0.180189
0 0.661133 0.276637 0.169922 0.153796
0 0.360352 0.260345 0.217773 0.188987
0 0.137207 0.259857 0.215820 0.188009
0 0.153564 0.404040 0.283691 0.099055
0 0.362793 0.407136 0.119141 0.093516
0 0.571289 0.404366 0.284180 0.097100
0 0.813965 0.406484 0.166992 0.090909
0 0.802979 0.503258 0.285645 0.099381
0 0.492920 0.505051 0.284668 0.097100
0 0.171875 0.504562 0.284180 0.099381
0 0.170410 0.606712 0.282227 0.099055
0 0.466064 0.606712 0.281738 0.098403
0 0.722656 0.606061 0.216797 0.098403
0 0.897705 0.609645 0.118652 0.091235
0 0.811035 0.761975 0.146484 0.189964
0 0.656982 0.762138 0.150879 0.191593
0 0.491211 0.767025 0.167969 0.179863
0 0.302490 0.765233 0.168457 0.180841
0 0.112305 0.767514 0.166016 0.180189
0 0.104492 0.917563 0.137695 0.080156
0 0.247559 0.917237 0.136719 0.079505
0 0.394775 0.906810 0.115723 0.098403
0 0.535400 0.917400 0.134277 0.077224
0 0.682129 0.916422 0.139648 0.079179
0 0.825195 0.916748 0.139648 0.080482
