0 0.128418 0.091379 0.203125 0.133678
0 0.342285 0.092509 0.201172 0.134646
0 0.523926 0.098644 0.148438 0.121085
0 0.666016 0.109784 0.125000 0.096868
0 0.799072 0.102841 0.129395 0.110752
0 0.063721 0.213271 0.119629 0.092670
0 0.183594 0.214078 0.116211 0.088473
0 0.302979 0.215531 0.120605 0.086858
0 0.430908 0.212625 0.117676 0.093316
0 0.554443 0.213271 0.121582 0.087504
0 0.676025 0.214078 0.117676 0.087181
0 0.794922 0.215531 0.122070 0.085567
0 0.910156 0.212787 0.108398 0.092993
0 0.072510 0.313529 0.117676 0.088473
0 0.203857 0.313529 0.123535 0.088473
0 0.350342 0.317404 0.143066 0.081369
0 0.485840 0.308040 0.125000 0.100097
0 0.619385 0.308686 0.119629 0.096222
0 0.743652 0.308040 0.123047 0.099451
0 0.890869 0.307717 0.128418 0.100097
0 0.072021 0.407491 0.129395 0.095576
0 0.210693 0.406200 0.129395 0.096868
0 0.346680 0.406200 0.126953 0.098160
0 0.483887 0.407330 0.125000 0.098482
0 0.622070 0.405392 0.125977 0.097837
0 0.747559 0.405877 0.121094 0.097514
0 0.877686 0.407168 0.122559 0.096222
0 0.078613 0.507427 0.124023 0.096545
0 0.209473 0.505166 0.128906 0.097191
0 0.347656 0.507911 0.121094 0.094931
0 0.482178 0.507265 0.122559 0.096868
0 0.609131 0.510171 0.120605 0.090410
0 0.740723 0.507911 0.122070 0.096868
0 0.877686 0.506619 0.132324 0.098805
0 0.064941 0.607362 0.121094 0.092993
0 0.203857 0.607523 0.123535 0.098482
0 0.333496 0.609299 0.124023 0.090410
0 0.472412 0.607846 0.124512 0.095253
0 0.614014 0.609945 0.124512 0.092347
0 0.741943 0.609461 0.122559 0.091379
0 0.879395 0.610107 0.124023 0.090087
0 0.069092 0.712625 0.126465 0.091056
0 0.211182 0.712141 0.125488 0.090087
0 0.343994 0.712787 0.123535 0.090733
0 0.474609 0.712302 0.124023 0.091702
0 0.608398 0.711656 0.126953 0.091702
0 0.738037 0.709719 0.121582 0.094931
0 0.878418 0.707136 0.128906 0.098160
0 0.070557 0.807879 0.123535 0.095576
0 0.207520 0.807879 0.130859 0.098160
0 0.343994 0.807717 0.123535 0.095253
0 0.475098 0.807556 0.124023 0.096222
0 0.603027 0.807556 0.123047 0.096868
0 0.742188 0.808201 0.125977 0.096868
0 0.876709 0.805780 0.127441 0.099128
0 0.074707 0.906845 0.128906 0.095899
0 0.211426 0.907491 0.121094 0.095253
0 0.344727 0.906845 0.123047 0.097837
0 0.474854 0.907168 0.121582 0.095899
0 0.611816 0.906200 0.128906 0.098482
0 0.741211 0.906522 0.124023 0.097191
0 0.877686 0.905877 0.125488 0.099774
