0 0.203125 0.101045 0.152344 0.118511
0 0.359619 0.102514 0.151855 0.117532
0 0.519043 0.103330 0.150391 0.117858
0 0.677246 0.092720 0.146484 0.137773
0 0.853027 0.083578 0.177734 0.158668
0 0.855225 0.225269 0.146973 0.077702
0 0.704834 0.224943 0.144043 0.075743
0 0.560791 0.224290 0.145020 0.078355
0 0.409180 0.222658 0.144531 0.077049
0 0.264648 0.223637 0.143555 0.077049
0 0.115234 0.223147 0.147461 0.078028
0 0.853271 0.320437 0.147949 0.078028
0 0.704590 0.319295 0.146484 0.078355
0 0.560547 0.319295 0.147461 0.078355
0 0.404297 0.317826 0.143555 0.077375
0 0.258057 0.316030 0.144043 0.079008
0 0.111572 0.317662 0.143066 0.077702
0 0.856445 0.417564 0.144531 0.080313
0 0.701416 0.418381 0.145020 0.079987
0 0.558350 0.417238 0.145996 0.079660
0 0.407471 0.418544 0.145020 0.078355
0 0.256104 0.415279 0.145996 0.080313
0 0.108154 0.416259 0.145996 0.077702
0 0.861084 0.518283 0.145020 0.080640
0 0.708008 0.519425 0.146484 0.078355
0 0.556641 0.518772 0.144531 0.079008
0 0.404297 0.518609 0.143555 0.078681
0 0.256348 0.517956 0.143555 0.078028
0 0.107422 0.516814 0.144531 0.080313
0 0.867188 0.621613 0.148438 0.077702
0 0.708496 0.621286 0.146484 0.077702
0 0.554199 0.619491 0.144531 0.078028
0 0.404541 0.619817 0.143066 0.078681
0 0.256348 0.618511 0.146484 0.078681
0 0.106445 0.618675 0.149414 0.079660
0 0.860107 0.722494 0.142090 0.077702
0 0.700684 0.722168 0.133789 0.080313
0 0.556641 0.720046 0.144531 0.077375
0 0.400879 0.720535 0.146484 0.079008
0 0.252930 0.721188 0.144531 0.080313
0 0.100098 0.719556 0.142578 0.077049
0 0.821777 0.813092 0.114258 0.095658
0 0.694092 0.810643 0.114746 0.100555
0 0.570312 0.814071 0.112305 0.092393
0 0.449951 0.813418 0.114746 0.095005
0 0.326416 0.808684 0.114746 0.095331
0 0.208252 0.812276 0.116699 0.094678
0 0.090088 0.812112 0.116699 0.094352
0 0.909424 0.909729 0.117676 0.100229
0 0.783203 0.912341 0.115234 0.096311
0 0.661621 0.913320 0.115234 0.093699
0 0.534180 0.912831 0.118164 0.095331
0 0.395264 0.920013 0.145020 0.079660
0 0.249023 0.919034 0.145508 0.078355
0 0.100586 0.919850 0.145508 0.076722
