0 0.202393 0.102313 0.153809 0.117954
0 0.386719 0.091398 0.207031 0.141088
0 0.603271 0.091072 0.206543 0.141740
0 0.790039 0.093679 0.144531 0.134572
0 0.884521 0.212121 0.118652 0.097752
0 0.760498 0.212773 0.120605 0.098403
0 0.640625 0.212610 0.118164 0.098078
0 0.491455 0.214076 0.177246 0.093842
0 0.307617 0.217498 0.178711 0.088954
0 0.125977 0.218149 0.176758 0.088954
0 0.811035 0.310362 0.221680 0.099381
0 0.590820 0.313783 0.194336 0.089932
0 0.402344 0.321277 0.145508 0.077550
0 0.255127 0.322418 0.148926 0.077876
0 0.105469 0.320951 0.145508 0.076898
0 0.856934 0.461877 0.223633 0.191268
0 0.622803 0.462366 0.222168 0.190290
0 0.376221 0.462366 0.225098 0.188987
0 0.148193 0.461877 0.222168 0.192571
0 0.802979 0.684425 0.286621 0.152819
0 0.500488 0.685077 0.285156 0.149560
0 0.201416 0.683610 0.288574 0.151189
0 0.796387 0.882046 0.286133 0.150538
0 0.495117 0.882535 0.283203 0.152167
0 0.192871 0.881395 0.284180 0.152493
