0 0.101074 0.086858 0.148438 0.148341
0 0.310791 0.102635 0.252441 0.118738
0 0.589844 0.086858 0.285156 0.148341
0 0.819092 0.085882 0.145996 0.149642
0 0.828857 0.266753 0.222168 0.191282
0 0.556885 0.285133 0.288574 0.148666
0 0.327881 0.284971 0.148926 0.152895
0 0.135498 0.265452 0.222168 0.189980
0 0.763916 0.480969 0.286621 0.153871
0 0.459473 0.483247 0.288086 0.149317
0 0.162109 0.483084 0.284180 0.148992
0 0.848389 0.683962 0.146973 0.149967
0 0.687744 0.689980 0.145996 0.141835
0 0.537842 0.683962 0.147949 0.148666
0 0.386963 0.684450 0.149902 0.147690
0 0.152832 0.683637 0.285156 0.149317
0 0.881836 0.880286 0.147461 0.154196
0 0.726074 0.882401 0.151367 0.149317
0 0.574951 0.871340 0.154785 0.170137
0 0.417236 0.882238 0.140137 0.150293
0 0.269775 0.882238 0.142090 0.149642
0 0.106445 0.870690 0.178711 0.172739
