0 0.866699 0.089944 0.143555 0.132876
0 0.647949 0.098759 0.251953 0.118511
0 0.398193 0.096964 0.237793 0.119491
0 0.196289 0.084231 0.145508 0.149527
0 0.807861 0.291381 0.250488 0.119164
0 0.600342 0.279138 0.144043 0.147568
0 0.456787 0.278322 0.150879 0.147241
0 0.301758 0.278159 0.148438 0.147568
0 0.128906 0.274078 0.176758 0.158994
0 0.896729 0.401894 0.150879 0.102514
0 0.760254 0.403036 0.116211 0.100229
0 0.597412 0.402710 0.201660 0.100881
0 0.375732 0.403036 0.223145 0.096964
0 0.146729 0.404505 0.202637 0.100555
0 0.909912 0.594515 0.149902 0.118838
0 0.762939 0.593699 0.153809 0.119164
0 0.602783 0.596474 0.151855 0.117532
0 0.437500 0.597617 0.150391 0.117205
0 0.279785 0.595821 0.155273 0.116879
0 0.119141 0.597453 0.152344 0.118838
0 0.097412 0.796768 0.138184 0.120470
0 0.238037 0.795788 0.131348 0.117858
0 0.380371 0.780934 0.151367 0.150180
0 0.531982 0.789259 0.145996 0.136141
0 0.899414 0.879203 0.146484 0.150180
0 0.129395 0.912667 0.177734 0.089128
0 0.727539 0.775710 0.250977 0.166503
