0 0.141602 0.100846 0.228516 0.118412
0 0.375000 0.100195 0.227539 0.119714
0 0.613770 0.095478 0.236328 0.126545
0 0.812988 0.100520 0.142578 0.119063
0 0.847900 0.221535 0.140137 0.081978
0 0.695312 0.221210 0.140625 0.080677
0 0.548584 0.222674 0.136230 0.079050
0 0.396729 0.222349 0.139160 0.082303
0 0.241943 0.222999 0.140137 0.081002
0 0.089844 0.222349 0.137695 0.080351
0 0.086426 0.316688 0.139648 0.081002
0 0.237061 0.317339 0.139160 0.081002
0 0.395752 0.317339 0.140137 0.079701
0 0.546875 0.314574 0.138672 0.080677
0 0.697266 0.315875 0.136719 0.080026
0 0.847656 0.316038 0.133789 0.081002
0 0.847656 0.413793 0.141602 0.080677
0 0.687500 0.414769 0.141602 0.080026
0 0.540771 0.415582 0.138184 0.080351
0 0.391113 0.415745 0.139648 0.080677
0 0.238037 0.416233 0.138184 0.081002
0 0.087646 0.416070 0.138184 0.081327
0 0.849121 0.516103 0.140625 0.081653
0 0.685059 0.516591 0.141602 0.081978
0 0.530762 0.515777 0.135742 0.081002
0 0.385010 0.516103 0.137207 0.079050
0 0.238525 0.516103 0.136230 0.081002
0 0.087891 0.516591 0.136719 0.083279
0 0.091797 0.618738 0.135742 0.081978
0 0.233154 0.617925 0.139160 0.081002
0 0.383545 0.618575 0.139160 0.081653
0 0.528564 0.617925 0.139160 0.082303
0 0.683838 0.617925 0.136230 0.080351
0 0.844727 0.619063 0.139648 0.080026
0 0.840576 0.719258 0.138184 0.079375
0 0.687500 0.719096 0.138672 0.081002
0 0.533936 0.718770 0.140137 0.081653
0 0.387451 0.719258 0.142090 0.079375
0 0.235107 0.719746 0.137207 0.079701
0 0.090332 0.720722 0.138672 0.079701
0 0.092773 0.820104 0.139648 0.079375
0 0.240234 0.820104 0.133789 0.080026
0 0.387207 0.819291 0.137695 0.082303
0 0.537842 0.819128 0.136230 0.081327
0 0.689453 0.817990 0.135742 0.081002
0 0.838135 0.819128 0.139160 0.078725
0 0.844482 0.920137 0.139160 0.079050
0 0.688232 0.918673 0.137207 0.081978
0 0.536621 0.918835 0.140625 0.079701
0 0.384521 0.919649 0.138184 0.079375
0 0.239258 0.919486 0.143555 0.079701
0 0.095459 0.918998 0.137207 0.082628
