0 0.231689 0.083716 0.178223 0.154957
0 0.405273 0.095535 0.141602 0.133946
0 0.563965 0.095535 0.144531 0.133290
0 0.786133 0.102101 0.263672 0.122784
0 0.883545 0.223079 0.139160 0.083060
0 0.743408 0.223900 0.134277 0.079448
0 0.605469 0.223572 0.136719 0.078135
0 0.466064 0.222423 0.135254 0.080433
0 0.327393 0.220617 0.139160 0.081418
0 0.133301 0.221602 0.139648 0.080762
0 0.120117 0.320913 0.135742 0.080433
0 0.369873 0.314511 0.117676 0.093237
0 0.501221 0.313526 0.117676 0.093894
0 0.626221 0.314347 0.116699 0.093565
0 0.757568 0.316809 0.116699 0.093237
0 0.892578 0.316316 0.119141 0.092252
0 0.890869 0.413657 0.116699 0.093894
0 0.754639 0.413329 0.117676 0.093894
0 0.625000 0.412016 0.120117 0.092580
0 0.494385 0.410374 0.118652 0.093894
0 0.363037 0.411523 0.117676 0.092909
0 0.242920 0.411195 0.114746 0.092909
0 0.114746 0.411031 0.121094 0.093894
0 0.878174 0.514281 0.119629 0.094879
0 0.742920 0.512640 0.118652 0.094879
0 0.619385 0.511819 0.118652 0.093237
0 0.490967 0.512475 0.116699 0.094550
0 0.361328 0.511326 0.118164 0.092252
0 0.245117 0.510834 0.121094 0.093894
0 0.118164 0.512147 0.117188 0.091924
0 0.877930 0.614412 0.120117 0.091596
0 0.743896 0.612935 0.116699 0.093894
0 0.616699 0.612771 0.119141 0.093565
0 0.490723 0.612443 0.117188 0.091596
0 0.365234 0.612278 0.119141 0.091924
0 0.244141 0.611786 0.118164 0.091596
0 0.113281 0.611293 0.116211 0.091924
0 0.878174 0.715693 0.115723 0.091267
0 0.736572 0.715036 0.117676 0.089954
0 0.613770 0.713395 0.118164 0.090611
0 0.485107 0.714215 0.118652 0.092252
0 0.361328 0.713559 0.116211 0.092909
0 0.241699 0.712246 0.117188 0.094222
0 0.112793 0.708634 0.121094 0.092909
0 0.870117 0.815003 0.117188 0.092909
0 0.733887 0.815003 0.116211 0.094222
0 0.607178 0.814839 0.118652 0.094550
0 0.482910 0.813526 0.117188 0.091924
0 0.357910 0.814018 0.117188 0.092252
0 0.233887 0.813198 0.116211 0.091924
0 0.105469 0.806139 0.118164 0.094222
0 0.850098 0.919895 0.137695 0.082731
0 0.698730 0.919238 0.137695 0.080762
0 0.552490 0.918418 0.137207 0.079120
0 0.365967 0.913165 0.119629 0.093565
0 0.240723 0.912344 0.119141 0.094550
0 0.117432 0.912016 0.115723 0.091924
