0 0.173096 0.088312 0.316895 0.143506
0 0.502686 0.088799 0.314941 0.143831
0 0.769775 0.080682 0.182129 0.160065
0 0.911865 0.216721 0.122559 0.094481
0 0.786377 0.216558 0.117676 0.093506
0 0.663574 0.216234 0.118164 0.090260
0 0.547852 0.214448 0.120117 0.091883
0 0.425293 0.216721 0.121094 0.092532
0 0.308594 0.217208 0.120117 0.091558
0 0.185547 0.216558 0.124023 0.094156
0 0.066162 0.217045 0.120605 0.092532
0 0.070557 0.315747 0.120605 0.094481
0 0.192383 0.315422 0.119141 0.090584
0 0.311523 0.315260 0.116211 0.092208
0 0.429688 0.313474 0.119141 0.093831
0 0.547363 0.313799 0.115234 0.092532
0 0.663818 0.312175 0.117676 0.093831
0 0.780273 0.313474 0.122070 0.094481
0 0.906738 0.313636 0.121094 0.094156
0 0.818848 0.417370 0.141602 0.082143
0 0.669678 0.417208 0.139160 0.082468
0 0.543701 0.411364 0.112793 0.087013
0 0.429688 0.411688 0.120117 0.094156
0 0.309326 0.410877 0.119629 0.091234
0 0.189697 0.412338 0.118652 0.094156
0 0.065186 0.413149 0.118652 0.093182
0 0.835205 0.518182 0.135254 0.081169
0 0.673340 0.518344 0.138672 0.080844
0 0.520020 0.517208 0.138672 0.080519
0 0.369873 0.518182 0.140137 0.080519
0 0.225830 0.520130 0.135254 0.079870
0 0.080811 0.518344 0.139160 0.080195
0 0.826660 0.618994 0.138672 0.081494
0 0.666992 0.619318 0.139648 0.080844
0 0.519043 0.617857 0.138672 0.081169
0 0.372803 0.618506 0.140137 0.080519
0 0.228027 0.619481 0.135742 0.078571
0 0.085449 0.620130 0.134766 0.081169
0 0.885010 0.712013 0.122559 0.095455
0 0.759033 0.713799 0.123535 0.093831
0 0.632324 0.712825 0.118164 0.092532
0 0.504150 0.718831 0.138184 0.083117
0 0.368408 0.720130 0.136230 0.080519
0 0.222900 0.720292 0.136230 0.078896
0 0.084229 0.720779 0.138184 0.080519
0 0.907471 0.811526 0.121582 0.094481
0 0.789551 0.812175 0.121094 0.093182
0 0.669189 0.812662 0.119629 0.093506
0 0.552002 0.811039 0.120605 0.094805
0 0.431396 0.811364 0.119629 0.093506
0 0.312500 0.813149 0.117188 0.092532
0 0.194336 0.813636 0.116211 0.093506
0 0.072510 0.812987 0.119629 0.092857
0 0.843506 0.910552 0.200684 0.095779
0 0.625244 0.910065 0.197754 0.099351
0 0.431641 0.911526 0.120117 0.092532
0 0.312500 0.909253 0.120117 0.095130
0 0.189697 0.911688 0.116699 0.091558
0 0.068359 0.911851 0.119141 0.093182
