0 0.287354 0.094856 0.311035 0.130734
0 0.605713 0.094856 0.310059 0.129423
0 0.857910 0.095511 0.162109 0.128113
0 0.841553 0.218054 0.139160 0.082896
0 0.694336 0.218381 0.136719 0.082241
0 0.549316 0.219528 0.138672 0.079948
0 0.406982 0.219856 0.136230 0.079948
0 0.263916 0.218545 0.140137 0.083224
0 0.115479 0.220020 0.136230 0.080275
0 0.851318 0.312582 0.141113 0.083879
0 0.696777 0.314056 0.136719 0.080931
0 0.548096 0.314384 0.140137 0.081586
0 0.402344 0.314712 0.136719 0.081586
0 0.258057 0.315531 0.139160 0.081913
0 0.110352 0.315695 0.137695 0.080275
0 0.851074 0.413499 0.140625 0.083879
0 0.702148 0.413336 0.135742 0.081586
0 0.553711 0.412844 0.137695 0.080603
0 0.404297 0.414155 0.137695 0.079948
0 0.263672 0.414810 0.136719 0.077982
0 0.112061 0.415138 0.138184 0.079292
0 0.850586 0.513761 0.141602 0.084535
0 0.686768 0.513761 0.138184 0.081258
0 0.547119 0.513106 0.137207 0.079948
0 0.405762 0.514417 0.133789 0.079948
0 0.259033 0.514908 0.137207 0.079620
0 0.108887 0.514908 0.138672 0.079620
0 0.851074 0.617464 0.137695 0.082896
0 0.689209 0.614187 0.137207 0.080931
0 0.547607 0.615662 0.135254 0.079292
0 0.404297 0.615334 0.135742 0.078637
0 0.257568 0.616481 0.137207 0.079620
0 0.110107 0.616972 0.139160 0.079292
0 0.847656 0.716743 0.139648 0.081586
0 0.697754 0.716252 0.138672 0.081258
0 0.550293 0.716415 0.139648 0.081586
0 0.405273 0.716415 0.135742 0.080931
0 0.258789 0.716579 0.135742 0.081258
0 0.107666 0.717726 0.134277 0.082241
0 0.853271 0.816022 0.136230 0.081586
0 0.699219 0.816022 0.136719 0.082241
0 0.550781 0.817005 0.139648 0.079620
0 0.405518 0.816022 0.140137 0.081586
0 0.256592 0.818316 0.136230 0.080931
0 0.108398 0.818152 0.135742 0.081258
0 0.850830 0.916612 0.138184 0.080275
0 0.697510 0.915793 0.135254 0.082569
0 0.544922 0.917104 0.137695 0.081258
0 0.402832 0.916448 0.137695 0.078637
0 0.251953 0.916940 0.137695 0.080275
0 0.105469 0.917267 0.137695 0.077654
