0 0.203125 0.105832 0.215820 0.110092
0 0.431152 0.105668 0.217773 0.110419
0 0.653564 0.103375 0.213379 0.109109
0 0.862305 0.098788 0.142578 0.118938
0 0.866455 0.211664 0.176270 0.095020
0 0.687744 0.211992 0.177246 0.095020
0 0.505127 0.212811 0.181152 0.092726
0 0.317139 0.214286 0.176270 0.095020
0 0.130615 0.214122 0.177246 0.094037
0 0.126221 0.311927 0.176270 0.094364
0 0.316406 0.311927 0.175781 0.093709
0 0.501465 0.311107 0.180664 0.097969
0 0.690430 0.311435 0.179688 0.095347
0 0.874268 0.310944 0.177246 0.095020
0 0.885498 0.408257 0.180176 0.093054
0 0.706299 0.407765 0.178223 0.093381
0 0.522217 0.408093 0.176270 0.095347
0 0.342041 0.407765 0.178223 0.095347
0 0.150635 0.409240 0.179199 0.096986
0 0.146973 0.509830 0.177734 0.096986
0 0.330566 0.509830 0.175781 0.096986
0 0.503906 0.510157 0.173828 0.095675
0 0.692627 0.507536 0.192871 0.095020
0 0.887695 0.507208 0.196289 0.096330
0 0.898193 0.607471 0.178223 0.095675
0 0.718994 0.608290 0.175293 0.096003
0 0.529297 0.610092 0.192383 0.095020
0 0.334717 0.609928 0.197754 0.094037
0 0.134277 0.609600 0.197266 0.094037
0 0.125000 0.712320 0.178711 0.095675
0 0.311768 0.710190 0.176270 0.093381
0 0.492920 0.709371 0.178223 0.095020
0 0.675049 0.710190 0.178223 0.096003
0 0.876953 0.709043 0.177734 0.095675
0 0.871338 0.808159 0.178223 0.094037
0 0.678955 0.809142 0.174316 0.095347
0 0.492920 0.809305 0.177246 0.095020
0 0.307861 0.808486 0.180176 0.096003
0 0.123779 0.809469 0.174316 0.096003
0 0.121582 0.909404 0.176758 0.094692
0 0.305176 0.907765 0.176758 0.096658
0 0.494873 0.909404 0.177246 0.095347
0 0.681152 0.907765 0.175781 0.094692
0 0.877930 0.906619 0.175781 0.094364
