0 0.242920 0.087312 0.260254 0.141923
0 0.513428 0.087966 0.263184 0.141923
0 0.801758 0.084205 0.263672 0.146828
0 0.122070 0.274199 0.188477 0.158600
0 0.302002 0.277469 0.175293 0.154676
0 0.534424 0.285644 0.291504 0.137672
0 0.834961 0.285154 0.293945 0.137999
0 0.840820 0.483976 0.291992 0.139307
0 0.513184 0.484630 0.296875 0.139961
0 0.196533 0.484303 0.293457 0.139961
0 0.193848 0.684925 0.310547 0.142904
0 0.510254 0.684925 0.312500 0.143558
0 0.802246 0.694735 0.230469 0.120667
0 0.128174 0.878515 0.176270 0.154022
0 0.312744 0.876553 0.181152 0.158600
0 0.497803 0.879006 0.182129 0.155003
0 0.701904 0.856769 0.232910 0.196861
0 0.894531 0.888980 0.143555 0.135056
