0 0.122559 0.097240 0.213867 0.108766
0 0.340332 0.097727 0.213867 0.108442
0 0.559814 0.098377 0.214355 0.107792
0 0.790039 0.094805 0.212891 0.109091
0 0.786865 0.204383 0.216309 0.109416
0 0.562012 0.204545 0.213867 0.108442
0 0.334961 0.205844 0.213867 0.109091
0 0.118164 0.205844 0.212891 0.109091
0 0.177734 0.381818 0.313477 0.144156
0 0.429932 0.375325 0.177246 0.155844
0 0.613281 0.372240 0.178711 0.159416
0 0.835449 0.389448 0.237305 0.126948
0 0.133301 0.574513 0.187500 0.160065
0 0.377197 0.577760 0.296387 0.154221
0 0.696289 0.589773 0.312500 0.129545
0 0.167480 0.785390 0.313477 0.141558
0 0.572754 0.784416 0.315430 0.144156
0 0.845215 0.764286 0.198242 0.183117
0 0.854004 0.906981 0.183594 0.095130
0 0.654541 0.908279 0.201660 0.095779
0 0.370117 0.890747 0.374023 0.124351
