0 0.193115 0.093035 0.142090 0.132440
0 0.382324 0.103990 0.211914 0.109876
0 0.560059 0.091236 0.144531 0.132767
0 0.741455 0.102518 0.210449 0.107587
0 0.919678 0.089765 0.143066 0.131131
0 0.153320 0.295782 0.226562 0.117397
0 0.339844 0.287933 0.141602 0.133094
0 0.485352 0.288260 0.138672 0.131131
0 0.627686 0.286952 0.144043 0.133748
0 0.771973 0.286135 0.142578 0.132767
0 0.916748 0.286462 0.143066 0.132767
0 0.125977 0.477763 0.174805 0.155657
0 0.281982 0.488391 0.140137 0.133748
0 0.466064 0.494441 0.227051 0.116416
0 0.666016 0.476292 0.174805 0.155330
0 0.873047 0.487083 0.240234 0.129169
0 0.895996 0.690157 0.144531 0.129823
0 0.661377 0.679529 0.294434 0.153041
0 0.385742 0.698659 0.230469 0.118051
0 0.152588 0.698005 0.226074 0.120013
0 0.206299 0.885710 0.312012 0.142904
0 0.524170 0.883584 0.312012 0.142577
0 0.838867 0.890288 0.308594 0.127861
