0 0.098389 0.081002 0.180176 0.153546
0 0.286133 0.080677 0.178711 0.154847
0 0.487549 0.102310 0.211426 0.108328
0 0.729004 0.096291 0.230469 0.119714
0 0.168457 0.281880 0.314453 0.142160
0 0.485596 0.281392 0.313965 0.141835
0 0.806152 0.281718 0.314453 0.143136
0 0.099121 0.397853 0.116211 0.092388
0 0.222900 0.400130 0.115723 0.091737
0 0.344482 0.397202 0.117676 0.091737
0 0.467285 0.398829 0.117188 0.093038
0 0.853027 0.492843 0.144531 0.118412
0 0.703613 0.486825 0.146484 0.132401
0 0.538574 0.497885 0.190430 0.107677
0 0.342041 0.499349 0.189941 0.107352
0 0.125000 0.498861 0.225586 0.108979
0 0.103760 0.608816 0.196777 0.097267
0 0.305176 0.607515 0.197266 0.096617
0 0.510742 0.608165 0.197266 0.095966
0 0.710938 0.606539 0.196289 0.095316
0 0.878662 0.615647 0.136230 0.080351
0 0.738525 0.704945 0.240723 0.102147
0 0.509277 0.707710 0.199219 0.094014
0 0.306396 0.708523 0.197754 0.094990
0 0.102295 0.709662 0.197754 0.094665
0 0.102539 0.809369 0.197266 0.095641
0 0.302734 0.808881 0.197266 0.094014
0 0.511475 0.806766 0.199707 0.098243
0 0.707764 0.807580 0.179199 0.095966
0 0.895264 0.888256 0.142090 0.132401
0 0.707520 0.908263 0.177734 0.093689
0 0.512207 0.907124 0.198242 0.096617
0 0.311035 0.908426 0.195312 0.092713
0 0.104736 0.908751 0.193848 0.094014
