0 0.182129 0.112771 0.114258 0.090282
0 0.299316 0.112607 0.111328 0.088641
0 0.420654 0.112935 0.113770 0.089297
0 0.543945 0.112443 0.113281 0.087656
0 0.665771 0.111950 0.105957 0.086671
0 0.777832 0.113263 0.110352 0.087984
0 0.907471 0.111950 0.110840 0.085358
0 0.920166 0.214051 0.111816 0.087984
0 0.796631 0.213230 0.110840 0.086999
0 0.673584 0.213066 0.107910 0.086671
0 0.559570 0.213887 0.110352 0.086343
0 0.443604 0.213723 0.112793 0.086671
0 0.330078 0.213230 0.107422 0.087656
0 0.212402 0.214380 0.109375 0.084701
0 0.102051 0.215857 0.108398 0.085030
0 0.100098 0.313526 0.108398 0.088641
0 0.214111 0.313526 0.108887 0.087328
0 0.328613 0.312541 0.108398 0.086671
0 0.446533 0.312213 0.108887 0.086671
0 0.563477 0.311228 0.109375 0.087328
0 0.679443 0.313033 0.110840 0.086999
0 0.801270 0.312377 0.110352 0.088313
0 0.924561 0.313198 0.110840 0.087984
0 0.922119 0.408076 0.112793 0.089954
0 0.802002 0.409554 0.110840 0.086343
0 0.683105 0.409718 0.108398 0.085358
0 0.568115 0.408733 0.110840 0.086671
0 0.448242 0.409389 0.110352 0.087328
0 0.330811 0.409389 0.110840 0.086671
0 0.214111 0.410210 0.108887 0.087656
0 0.099609 0.410703 0.110352 0.087984
0 0.097656 0.510834 0.110352 0.087984
0 0.212158 0.510506 0.109863 0.088641
0 0.333008 0.510341 0.111328 0.086343
0 0.451416 0.508043 0.109863 0.088313
0 0.565674 0.509357 0.109863 0.086999
0 0.684082 0.509685 0.111328 0.086999
0 0.803711 0.510506 0.110352 0.087328
0 0.927734 0.510013 0.109375 0.087656
0 0.926270 0.610144 0.110352 0.085686
0 0.803467 0.609324 0.109863 0.087984
0 0.684082 0.609980 0.112305 0.087328
0 0.566162 0.607682 0.110840 0.093237
0 0.447266 0.610144 0.111328 0.087656
0 0.326904 0.610473 0.109863 0.086999
0 0.208252 0.610637 0.110840 0.086671
0 0.093018 0.610801 0.108887 0.086343
0 0.093750 0.711589 0.108398 0.086999
0 0.211426 0.712902 0.106445 0.084373
0 0.332275 0.712738 0.111816 0.084701
0 0.449707 0.712246 0.109375 0.086343
0 0.562256 0.712410 0.108887 0.086671
0 0.677979 0.711097 0.111816 0.087984
0 0.792725 0.710112 0.107910 0.088641
0 0.914307 0.711261 0.111816 0.086999
0 0.909424 0.809586 0.111816 0.086671
0 0.794922 0.810735 0.110352 0.086343
0 0.679443 0.810079 0.109863 0.088969
0 0.564941 0.810571 0.111328 0.087328
0 0.452148 0.810571 0.109375 0.086671
0 0.334717 0.810900 0.110840 0.086671
0 0.218506 0.810571 0.111816 0.086671
0 0.099609 0.810243 0.108398 0.086671
0 0.100586 0.910374 0.111328 0.087984
0 0.219482 0.909389 0.109863 0.087328
0 0.337402 0.908733 0.109375 0.087984
0 0.454346 0.908240 0.111816 0.087656
0 0.568115 0.908733 0.111816 0.086671
0 0.680908 0.909061 0.109863 0.086014
0 0.795898 0.909554 0.111328 0.086999
0 0.913330 0.909554 0.113770 0.086999
