0 0.073486 0.116949 0.111816 0.087508
0 0.196777 0.117274 0.111328 0.088159
0 0.314941 0.117599 0.113281 0.087508
0 0.431396 0.115973 0.113770 0.089460
0 0.550537 0.115973 0.111816 0.087508
0 0.682861 0.115647 0.110840 0.088809
0 0.817139 0.122804 0.129395 0.076448
0 0.895264 0.222511 0.130371 0.074170
0 0.753906 0.222837 0.129883 0.074821
0 0.618408 0.222023 0.131348 0.073845
0 0.484863 0.223162 0.129883 0.074821
0 0.343750 0.222674 0.130859 0.075146
0 0.211426 0.224789 0.128906 0.074821
0 0.077148 0.224301 0.128906 0.073195
0 0.080322 0.322869 0.130371 0.073845
0 0.213623 0.322707 0.127441 0.073520
0 0.347168 0.321405 0.130859 0.075472
0 0.483643 0.322544 0.129395 0.074496
0 0.617920 0.320429 0.128418 0.074170
0 0.752686 0.319453 0.132324 0.077424
0 0.889404 0.318478 0.130371 0.079375
0 0.885254 0.417209 0.129883 0.074496
0 0.751953 0.417859 0.131836 0.075797
0 0.614990 0.418185 0.131348 0.074496
0 0.481689 0.418510 0.132324 0.075146
0 0.346191 0.418998 0.128906 0.073520
0 0.212891 0.419323 0.128906 0.074170
0 0.077881 0.419323 0.130371 0.073520
0 0.080566 0.519519 0.130859 0.074821
0 0.212891 0.520169 0.127930 0.074170
0 0.343994 0.518868 0.129395 0.076122
0 0.479004 0.518217 0.128906 0.078074
0 0.612793 0.517892 0.128906 0.075472
0 0.748779 0.518705 0.128418 0.075146
0 0.889893 0.518217 0.128418 0.073520
0 0.886719 0.618575 0.129883 0.073845
0 0.749756 0.618738 0.128418 0.074821
0 0.610596 0.619063 0.130371 0.073520
0 0.477051 0.619388 0.130859 0.075472
0 0.343750 0.618738 0.128906 0.074821
0 0.207275 0.620039 0.130371 0.075472
0 0.074951 0.619226 0.128418 0.074496
0 0.076172 0.720885 0.132812 0.074821
0 0.206543 0.721373 0.132812 0.071893
0 0.342529 0.720397 0.130371 0.073845
0 0.473389 0.720397 0.130371 0.075146
0 0.608398 0.719909 0.128906 0.074821
0 0.745850 0.719584 0.132324 0.074170
0 0.884521 0.718933 0.132324 0.074170
0 0.888184 0.819616 0.132812 0.076448
0 0.750488 0.819779 0.132812 0.074170
0 0.609863 0.819616 0.128906 0.075797
0 0.477295 0.819616 0.130371 0.074496
0 0.342529 0.820755 0.127441 0.074821
0 0.208984 0.820429 0.129883 0.074821
0 0.075928 0.820592 0.130371 0.076448
0 0.079102 0.919486 0.132812 0.075146
0 0.214111 0.920137 0.129395 0.073195
0 0.346680 0.918835 0.128906 0.073845
0 0.478027 0.918185 0.128906 0.074496
0 0.611816 0.917859 0.130859 0.075797
0 0.750488 0.918022 0.132812 0.075472
0 0.892578 0.917697 0.131836 0.074821
