0 0.101318 0.101008 0.146973 0.120039
0 0.269531 0.102310 0.143555 0.119388
0 0.424316 0.100520 0.145508 0.120364
0 0.583008 0.100358 0.143555 0.119388
0 0.741211 0.100846 0.146484 0.120364
0 0.083252 0.215192 0.122559 0.096617
0 0.214111 0.214216 0.120605 0.096617
0 0.341309 0.213240 0.122070 0.095966
0 0.471924 0.216331 0.119629 0.090436
0 0.602051 0.212589 0.121094 0.094665
0 0.728271 0.213240 0.120605 0.096617
0 0.870605 0.212752 0.122070 0.095641
0 0.080566 0.309694 0.121094 0.094990
0 0.211182 0.311158 0.119629 0.093364
0 0.340576 0.308556 0.121582 0.094665
0 0.472168 0.309206 0.123047 0.095316
0 0.607910 0.307742 0.119141 0.095641
0 0.742920 0.308556 0.119629 0.095966
0 0.883057 0.308068 0.123535 0.096942
0 0.085449 0.412167 0.124023 0.091087
0 0.217041 0.408100 0.117676 0.096617
0 0.342529 0.411191 0.118652 0.091737
0 0.464355 0.407775 0.121094 0.097267
0 0.593506 0.406962 0.120605 0.095641
0 0.734131 0.406799 0.123535 0.095966
0 0.879639 0.414606 0.144043 0.082954
0 0.089355 0.517404 0.145508 0.083604
0 0.245850 0.518055 0.144043 0.082954
0 0.412354 0.516428 0.144043 0.084906
0 0.570557 0.516753 0.143066 0.082954
0 0.731201 0.515615 0.145020 0.083279
0 0.886963 0.515615 0.144043 0.083279
0 0.088135 0.619876 0.146973 0.082303
0 0.248047 0.618900 0.146484 0.081002
0 0.412109 0.618738 0.144531 0.081327
0 0.571533 0.617111 0.149902 0.085882
0 0.732422 0.616623 0.144531 0.082303
0 0.889648 0.616949 0.141602 0.082954
0 0.073242 0.721535 0.143555 0.080026
0 0.213623 0.720397 0.143066 0.079701
0 0.355957 0.719096 0.141602 0.081002
0 0.496338 0.718282 0.140137 0.080677
0 0.638428 0.720397 0.144043 0.082303
0 0.776123 0.711126 0.120605 0.096942
0 0.899414 0.711614 0.122070 0.097267
0 0.149658 0.818966 0.278809 0.082954
0 0.443604 0.817014 0.277832 0.079050
0 0.750488 0.817502 0.278320 0.080026
0 0.128906 0.909564 0.231445 0.097593
0 0.381592 0.909889 0.235840 0.096291
0 0.610107 0.910540 0.175293 0.095641
0 0.824951 0.909401 0.237793 0.096617
