0 0.210938 0.115598 0.112305 0.084042
0 0.326660 0.116252 0.111328 0.083388
0 0.443115 0.114290 0.110840 0.086658
0 0.558105 0.114617 0.111328 0.083388
0 0.669678 0.115598 0.110840 0.082080
0 0.784180 0.114290 0.110352 0.085350
0 0.906494 0.113963 0.110840 0.084042
0 0.902588 0.215827 0.113770 0.084369
0 0.783691 0.215664 0.113281 0.083388
0 0.671387 0.216318 0.111328 0.082080
0 0.557373 0.215991 0.110840 0.082734
0 0.440186 0.215173 0.110840 0.081753
0 0.323730 0.215664 0.111328 0.082080
0 0.211670 0.217299 0.109863 0.082080
0 0.095703 0.216808 0.110352 0.083061
0 0.089355 0.310988 0.110352 0.082407
0 0.206055 0.309680 0.109375 0.082407
0 0.321045 0.311315 0.107910 0.083061
0 0.437744 0.310824 0.107910 0.082734
0 0.552490 0.310824 0.108887 0.082734
0 0.665771 0.310988 0.107910 0.083061
0 0.781738 0.309843 0.108398 0.082734
0 0.898438 0.309843 0.111328 0.084042
0 0.893066 0.409418 0.110352 0.079791
0 0.777588 0.409581 0.112793 0.083388
0 0.665039 0.410399 0.109375 0.079791
0 0.550293 0.409581 0.109375 0.081426
0 0.438965 0.409908 0.111328 0.083388
0 0.317383 0.410235 0.111328 0.084042
0 0.206299 0.410399 0.111816 0.081099
0 0.089600 0.411053 0.110840 0.083715
0 0.090088 0.512263 0.111816 0.081426
0 0.205078 0.512753 0.111328 0.081753
0 0.320068 0.512263 0.111816 0.082080
0 0.435791 0.511772 0.108887 0.081099
0 0.549072 0.511282 0.110840 0.083388
0 0.662842 0.509810 0.110840 0.082407
0 0.783691 0.510791 0.112305 0.081753
0 0.900146 0.510955 0.107910 0.081426
0 0.899902 0.611184 0.109375 0.082407
0 0.785156 0.612165 0.112305 0.082407
0 0.664551 0.612001 0.109375 0.081426
0 0.552734 0.612001 0.111328 0.082080
0 0.438965 0.612001 0.109375 0.083388
0 0.319580 0.612001 0.109863 0.082080
0 0.205322 0.612165 0.108887 0.083061
0 0.090820 0.613309 0.110352 0.081426
0 0.091309 0.714846 0.113281 0.082407
0 0.208984 0.711903 0.110352 0.086985
0 0.322510 0.712230 0.110840 0.085677
0 0.438477 0.711413 0.109375 0.086658
0 0.555420 0.711576 0.109863 0.086331
0 0.669922 0.710595 0.113281 0.087639
0 0.787598 0.711413 0.111328 0.087312
0 0.905029 0.712067 0.109863 0.086004
0 0.909912 0.811315 0.112793 0.086985
0 0.790527 0.810824 0.112305 0.087312
0 0.677246 0.810661 0.111328 0.086331
0 0.556885 0.811805 0.111816 0.087966
0 0.439453 0.811642 0.110352 0.086985
0 0.324951 0.811805 0.109863 0.086004
0 0.208252 0.811805 0.111816 0.087966
0 0.091797 0.811969 0.112305 0.086985
0 0.093750 0.911380 0.114258 0.086985
0 0.208008 0.910726 0.110352 0.086331
0 0.325439 0.910562 0.108887 0.087312
0 0.437988 0.910072 0.110352 0.087639
0 0.556641 0.910726 0.109375 0.086985
0 0.675293 0.910889 0.111328 0.088620
0 0.792480 0.911053 0.109375 0.086331
0 0.909668 0.909418 0.111328 0.089601
