0 0.070068 0.115485 0.111816 0.086532
0 0.190674 0.115973 0.109863 0.088159
0 0.311279 0.114021 0.109863 0.088159
0 0.424072 0.114997 0.112793 0.087508
0 0.538818 0.113858 0.110840 0.087833
0 0.664551 0.112069 0.109375 0.086207
0 0.781250 0.113045 0.111328 0.088159
0 0.905273 0.214379 0.114258 0.087833
0 0.783203 0.216493 0.112305 0.087508
0 0.668945 0.215517 0.113281 0.086858
0 0.541992 0.215680 0.111328 0.085882
0 0.426514 0.215680 0.112793 0.087183
0 0.310303 0.216331 0.111816 0.086532
0 0.189453 0.216656 0.110352 0.085882
0 0.071533 0.217632 0.108887 0.087183
0 0.069092 0.311321 0.110840 0.087183
0 0.187012 0.310833 0.116211 0.086858
0 0.307617 0.310833 0.113281 0.088159
0 0.422607 0.311646 0.110840 0.086532
0 0.544189 0.310020 0.109863 0.087833
0 0.664795 0.310670 0.112793 0.085882
0 0.781494 0.310833 0.111816 0.088159
0 0.902588 0.309694 0.110840 0.087183
0 0.899902 0.410052 0.112305 0.087508
0 0.781982 0.409239 0.110840 0.088484
0 0.661865 0.409727 0.115723 0.087508
0 0.537109 0.408751 0.112305 0.088159
0 0.417725 0.409889 0.113770 0.086532
0 0.302490 0.409239 0.112793 0.087183
0 0.185059 0.410052 0.114258 0.086858
0 0.070557 0.410052 0.114746 0.087508
0 0.069824 0.510247 0.111328 0.088809
0 0.189697 0.511061 0.111816 0.086532
0 0.303467 0.511223 0.111816 0.085556
0 0.418457 0.512199 0.113281 0.086858
0 0.538818 0.511061 0.112793 0.087833
0 0.659424 0.510247 0.112793 0.088159
0 0.781006 0.508458 0.111816 0.087833
0 0.897705 0.509759 0.110840 0.086532
0 0.654541 0.611906 0.111816 0.089135
0 0.529297 0.611744 0.115234 0.087508
0 0.412598 0.613208 0.113281 0.086532
0 0.298340 0.613370 0.113281 0.087508
0 0.183594 0.613370 0.112305 0.086858
0 0.066162 0.612882 0.111816 0.087833
0 0.131592 0.714053 0.217285 0.088484
0 0.326172 0.713728 0.168945 0.086532
0 0.516602 0.713077 0.211914 0.087183
0 0.729980 0.712589 0.216797 0.088809
0 0.859619 0.819453 0.178223 0.076122
0 0.677246 0.818640 0.176758 0.075146
0 0.497314 0.820104 0.178223 0.075472
0 0.316406 0.819941 0.176758 0.075146
0 0.122559 0.813598 0.213867 0.085882
0 0.103271 0.920625 0.178223 0.073520
0 0.281250 0.919974 0.175781 0.074821
0 0.461426 0.919486 0.178711 0.075146
0 0.618652 0.913305 0.110352 0.087508
0 0.744385 0.912004 0.111816 0.088159
