0 0.165283 0.098921 0.111816 0.120013
0 0.279297 0.098594 0.111328 0.120013
0 0.393311 0.098430 0.108887 0.117070
0 0.502441 0.099411 0.109375 0.117070
0 0.623535 0.087148 0.123047 0.142904
0 0.759521 0.085186 0.121582 0.144212
0 0.886475 0.085186 0.122559 0.144866
0 0.883301 0.220569 0.124023 0.074232
0 0.752930 0.221550 0.123047 0.072923
0 0.622070 0.222041 0.122070 0.074559
0 0.492432 0.221714 0.124512 0.074559
0 0.363770 0.221714 0.121094 0.073905
0 0.231689 0.222041 0.123535 0.074559
0 0.098633 0.221060 0.123047 0.075213
0 0.099121 0.320144 0.123047 0.073905
0 0.229980 0.320307 0.123047 0.073578
0 0.359619 0.319980 0.120605 0.073578
0 0.487305 0.319653 0.123047 0.074232
0 0.616699 0.319163 0.122070 0.074559
0 0.747803 0.319490 0.124512 0.074559
0 0.881836 0.319326 0.123047 0.075540
0 0.879150 0.417103 0.122559 0.073578
0 0.747314 0.417266 0.125488 0.075867
0 0.614990 0.417757 0.121582 0.074886
0 0.488770 0.416285 0.124023 0.077175
0 0.360352 0.416285 0.123047 0.075213
0 0.228760 0.416939 0.121582 0.075213
0 0.098877 0.417266 0.124512 0.075213
0 0.099854 0.517986 0.122559 0.075213
0 0.230469 0.517659 0.128906 0.075867
0 0.364502 0.517495 0.123535 0.076194
0 0.493652 0.517986 0.125000 0.074559
0 0.620605 0.517168 0.121094 0.074232
0 0.749023 0.517168 0.123047 0.075540
0 0.881348 0.516841 0.125000 0.074886
0 0.884277 0.617560 0.130859 0.075540
0 0.750732 0.617560 0.129395 0.073578
0 0.618164 0.617397 0.127930 0.073250
0 0.488281 0.617560 0.121094 0.074232
0 0.361572 0.617070 0.119629 0.075213
0 0.229736 0.617397 0.123535 0.075867
0 0.102051 0.617233 0.123047 0.074232
0 0.093506 0.715010 0.109863 0.082080
0 0.204346 0.715500 0.108887 0.082407
0 0.317139 0.714683 0.108887 0.082734
0 0.429688 0.714519 0.109375 0.083061
0 0.543701 0.714846 0.109863 0.084369
0 0.658203 0.713702 0.109375 0.082080
0 0.771973 0.713865 0.109375 0.082407
0 0.888916 0.714356 0.108887 0.080772
0 0.894775 0.811642 0.109863 0.083715
0 0.779785 0.812459 0.110352 0.082080
0 0.666992 0.813440 0.109375 0.082080
0 0.550537 0.812950 0.114746 0.083715
0 0.435303 0.814094 0.111816 0.082734
0 0.324707 0.814912 0.112305 0.081753
0 0.208740 0.814912 0.112793 0.082407
0 0.092529 0.812132 0.113770 0.086658
0 0.090332 0.913179 0.110352 0.083388
0 0.212402 0.913179 0.110352 0.083388
0 0.327393 0.912034 0.110840 0.083061
0 0.439697 0.912852 0.111816 0.084696
0 0.553467 0.913179 0.111816 0.083388
0 0.668701 0.913179 0.109863 0.082734
0 0.782471 0.912198 0.110840 0.084042
