0 0.162109 0.104030 0.116211 0.110419
0 0.281494 0.103702 0.111816 0.109109
0 0.393066 0.102883 0.115234 0.112713
0 0.508301 0.102720 0.113281 0.113041
0 0.625732 0.102556 0.112793 0.108126
0 0.787598 0.099115 0.153320 0.119594
0 0.831543 0.217235 0.212891 0.083224
0 0.629883 0.216907 0.114258 0.084535
0 0.522217 0.212811 0.110840 0.081586
0 0.109131 0.293906 0.145020 0.117300
0 0.265869 0.293742 0.146973 0.118938
0 0.403809 0.299312 0.109375 0.111730
0 0.577637 0.312582 0.212891 0.081258
0 0.829834 0.311927 0.216309 0.081258
0 0.646729 0.409076 0.121582 0.086828
0 0.520508 0.408257 0.119141 0.091088
0 0.381836 0.404980 0.134766 0.096986
0 0.234863 0.402359 0.131836 0.101573
0 0.092285 0.409076 0.119141 0.088139
0 0.108154 0.588958 0.132324 0.134010
0 0.253174 0.589613 0.134277 0.134010
0 0.432617 0.598624 0.216797 0.114024
0 0.611816 0.604685 0.128906 0.103211
0 0.773438 0.593054 0.160156 0.127785
0 0.913574 0.612713 0.110352 0.087811
0 0.852051 0.706586 0.125000 0.099934
0 0.716797 0.707405 0.125977 0.100262
0 0.545166 0.710845 0.201660 0.092071
0 0.333008 0.710518 0.200195 0.091415
0 0.126953 0.709207 0.170898 0.096658
0 0.107910 0.902195 0.137695 0.108453
0 0.250488 0.903997 0.127930 0.103539
0 0.386230 0.903506 0.131836 0.106488
0 0.521973 0.902851 0.132812 0.105177
0 0.657471 0.902851 0.128418 0.105832
0 0.795166 0.904980 0.126465 0.102883
0 0.926758 0.902687 0.128906 0.103539
