0 0.182129 0.091103 0.143555 0.111950
0 0.329834 0.096848 0.138184 0.110309
0 0.474365 0.090611 0.139160 0.110965
0 0.614014 0.088313 0.137207 0.111622
0 0.760498 0.086179 0.138184 0.111950
0 0.914551 0.087492 0.138672 0.111293
0 0.919922 0.202068 0.133789 0.111950
0 0.786865 0.201083 0.135254 0.113920
0 0.652100 0.201904 0.137207 0.111622
0 0.516846 0.202068 0.136230 0.110637
0 0.379639 0.203710 0.133301 0.108667
0 0.243896 0.203874 0.138184 0.110309
0 0.105713 0.201904 0.142090 0.110965
0 0.101074 0.304005 0.137695 0.077479
0 0.240967 0.301871 0.136230 0.077150
0 0.447998 0.306303 0.277832 0.095207
0 0.653564 0.315824 0.135254 0.078135
0 0.786621 0.315496 0.135742 0.078792
0 0.922363 0.313690 0.138672 0.081090
0 0.889160 0.403152 0.168945 0.092580
0 0.705078 0.404793 0.166992 0.093894
0 0.536377 0.404465 0.164551 0.091924
0 0.376221 0.410703 0.136230 0.079448
0 0.238525 0.398391 0.135254 0.109980
0 0.102539 0.398063 0.135742 0.111950
0 0.137451 0.504104 0.170410 0.092252
0 0.375000 0.498030 0.165039 0.091924
0 0.555176 0.498359 0.166992 0.093237
0 0.726807 0.506894 0.166504 0.092580
0 0.891602 0.496225 0.166016 0.092909
0 0.896240 0.598818 0.139160 0.109652
0 0.692139 0.607354 0.167480 0.093894
0 0.483154 0.598326 0.227051 0.111293
0 0.273193 0.598490 0.170410 0.092580
0 0.105225 0.683848 0.145020 0.142482
0 0.242920 0.700755 0.135254 0.110637
0 0.393799 0.709291 0.165527 0.091596
0 0.556152 0.700263 0.167969 0.091267
0 0.725830 0.699934 0.167480 0.090611
0 0.892822 0.699114 0.166504 0.090939
0 0.906250 0.807945 0.122070 0.095207
0 0.688477 0.799409 0.267578 0.110309
0 0.471924 0.809586 0.165527 0.093237
0 0.297363 0.808273 0.166016 0.093894
0 0.115479 0.809094 0.166504 0.092909
0 0.102783 0.915463 0.136230 0.079777
0 0.239746 0.914478 0.136719 0.081747
0 0.376221 0.915627 0.137207 0.079448
0 0.511963 0.915135 0.135254 0.079777
0 0.648193 0.914478 0.137207 0.079777
0 0.786377 0.913986 0.137207 0.079448
0 0.921387 0.913165 0.134766 0.079777
