0 0.094238 0.102798 0.139648 0.113208
0 0.285889 0.094340 0.227051 0.111906
0 0.506104 0.097267 0.206543 0.111256
0 0.676514 0.093201 0.142090 0.111581
0 0.822998 0.092713 0.140137 0.112557
0 0.799316 0.204131 0.209961 0.111581
0 0.585938 0.205595 0.208984 0.109954
0 0.402100 0.203969 0.139160 0.111906
0 0.259766 0.204457 0.140625 0.110930
0 0.088135 0.214216 0.169434 0.093364
0 0.308594 0.302863 0.122070 0.067014
0 0.121094 0.398829 0.226562 0.114509
0 0.328857 0.397690 0.147949 0.113533
0 0.481689 0.399317 0.144043 0.112232
0 0.664795 0.407775 0.119629 0.094665
0 0.788574 0.408588 0.119141 0.094340
0 0.910156 0.408426 0.119141 0.094014
0 0.907471 0.509759 0.116699 0.092388
0 0.789307 0.509922 0.119629 0.091412
0 0.670166 0.509922 0.119629 0.093364
0 0.552002 0.508458 0.120605 0.091737
0 0.432861 0.507970 0.118652 0.092713
0 0.311035 0.508133 0.120117 0.093038
0 0.187012 0.509271 0.117188 0.092062
0 0.064941 0.509922 0.117188 0.091412
0 0.062500 0.609629 0.116211 0.093038
0 0.184082 0.607840 0.119141 0.094665
0 0.310303 0.609141 0.115723 0.092713
0 0.431885 0.609792 0.116699 0.091412
0 0.552979 0.608491 0.118652 0.092713
0 0.673340 0.609629 0.117188 0.093038
0 0.792969 0.609954 0.117188 0.091737
0 0.909180 0.611906 0.117188 0.091087
0 0.907959 0.711126 0.116699 0.092388
0 0.791504 0.710312 0.119141 0.092713
0 0.673828 0.710800 0.118164 0.093038
0 0.548828 0.710800 0.122070 0.093689
0 0.424561 0.710475 0.118652 0.093038
0 0.305420 0.710963 0.115723 0.093364
0 0.187256 0.710475 0.117676 0.092388
0 0.065674 0.711126 0.116699 0.093689
0 0.063477 0.810182 0.119141 0.093364
0 0.186035 0.810670 0.118164 0.093689
0 0.307861 0.810345 0.117676 0.093689
0 0.427246 0.810507 0.116211 0.092713
0 0.550049 0.808718 0.120605 0.094340
0 0.674561 0.808881 0.114746 0.093364
0 0.792725 0.809694 0.117676 0.091737
0 0.912109 0.810020 0.118164 0.093689
0 0.910889 0.910052 0.118652 0.092062
0 0.788818 0.910377 0.117676 0.094014
0 0.667236 0.910052 0.118652 0.092713
0 0.544922 0.910052 0.119141 0.092062
0 0.426270 0.908751 0.119141 0.092062
0 0.303223 0.908588 0.119141 0.093689
0 0.179688 0.909564 0.123047 0.091087
0 0.061768 0.909076 0.117676 0.093364
