0 0.210449 0.113696 0.114258 0.089777
0 0.326904 0.110911 0.114746 0.093381
0 0.444336 0.111075 0.116211 0.091743
0 0.559570 0.110256 0.119141 0.094037
0 0.679688 0.110583 0.114258 0.092071
0 0.797119 0.109109 0.119629 0.093709
0 0.922363 0.110092 0.121094 0.092398
0 0.917725 0.210518 0.118652 0.092071
0 0.793457 0.211009 0.115234 0.091088
0 0.676514 0.210682 0.118652 0.092398
0 0.559326 0.212156 0.118652 0.090760
0 0.443848 0.212156 0.119141 0.091415
0 0.326904 0.211992 0.117676 0.092398
0 0.205811 0.213139 0.115723 0.090760
0 0.089355 0.213139 0.118164 0.090760
0 0.085449 0.307503 0.119141 0.091415
0 0.200684 0.308650 0.116211 0.091088
0 0.322021 0.306684 0.118652 0.091743
0 0.441895 0.307176 0.118164 0.092071
0 0.557129 0.307503 0.115234 0.090105
0 0.676025 0.306684 0.116699 0.093054
0 0.795166 0.305374 0.118652 0.092398
0 0.916748 0.305210 0.117676 0.092071
0 0.912598 0.405472 0.117188 0.091415
0 0.792480 0.405144 0.116211 0.091415
0 0.675293 0.405472 0.117188 0.092071
0 0.559082 0.406455 0.117188 0.090760
0 0.439941 0.406455 0.115234 0.092071
0 0.319580 0.406782 0.116699 0.091415
0 0.200928 0.406455 0.116699 0.090760
0 0.086670 0.407110 0.118652 0.091415
0 0.089355 0.508028 0.116211 0.091415
0 0.205566 0.507372 0.118164 0.091415
0 0.320801 0.507536 0.116211 0.091088
0 0.437500 0.507208 0.115234 0.091743
0 0.555664 0.507536 0.115234 0.091743
0 0.675781 0.505898 0.119141 0.093054
0 0.796143 0.506225 0.115723 0.091743
0 0.915039 0.505242 0.119141 0.092398
0 0.910889 0.607471 0.117676 0.093054
0 0.791016 0.608126 0.116211 0.091743
0 0.675537 0.608781 0.118652 0.091743
0 0.555176 0.608617 0.117188 0.092071
0 0.436523 0.608945 0.114258 0.092071
0 0.320801 0.609273 0.117188 0.091415
0 0.205811 0.609600 0.118652 0.093381
0 0.087158 0.610583 0.117676 0.090760
0 0.090088 0.711992 0.118652 0.091088
0 0.208496 0.711992 0.115234 0.091088
0 0.323975 0.710190 0.116699 0.092726
0 0.441162 0.710682 0.113770 0.091088
0 0.557373 0.709862 0.118652 0.092071
0 0.673340 0.709371 0.117188 0.091088
0 0.789551 0.708879 0.119141 0.093381
0 0.906982 0.709043 0.117676 0.091743
0 0.915527 0.808159 0.118164 0.094037
0 0.791016 0.808650 0.116211 0.091743
0 0.672852 0.809469 0.118164 0.093381
0 0.554688 0.809469 0.120117 0.091415
0 0.438721 0.810780 0.116699 0.092071
0 0.323242 0.810452 0.118164 0.091415
0 0.209717 0.811271 0.115723 0.090433
0 0.090088 0.811927 0.116699 0.091088
0 0.094482 0.912189 0.116699 0.091088
0 0.208984 0.911370 0.115234 0.091415
0 0.325195 0.911533 0.117188 0.091088
0 0.440918 0.910387 0.115234 0.093381
0 0.559326 0.909731 0.115723 0.093381
0 0.681885 0.909240 0.117676 0.090433
0 0.798828 0.908585 0.116211 0.092398
0 0.915039 0.908421 0.115234 0.092071
