0 0.114014 0.079505 0.190918 0.157054
0 0.359131 0.081949 0.267090 0.150212
0 0.597900 0.105898 0.176270 0.100358
0 0.781982 0.098403 0.148926 0.120560
0 0.067871 0.214402 0.117188 0.091235
0 0.185791 0.213425 0.115723 0.090583
0 0.303223 0.212447 0.115234 0.090583
0 0.418945 0.212284 0.114258 0.091561
0 0.535889 0.211958 0.120605 0.090909
0 0.656250 0.209840 0.119141 0.091235
0 0.784424 0.210818 0.115723 0.092538
0 0.902100 0.211307 0.115723 0.091561
0 0.898193 0.306940 0.116699 0.093842
0 0.782959 0.306126 0.116699 0.093516
0 0.662109 0.306289 0.118164 0.094493
0 0.541260 0.305963 0.122559 0.093190
0 0.420166 0.306126 0.118652 0.092864
0 0.302246 0.307266 0.116211 0.090583
0 0.182617 0.307266 0.116211 0.093190
0 0.066406 0.308081 0.116211 0.093516
0 0.069092 0.406810 0.115723 0.093516
0 0.186523 0.405995 0.117188 0.093190
0 0.320068 0.411698 0.136230 0.078527
0 0.447510 0.404366 0.114746 0.090583
0 0.580566 0.411861 0.139648 0.078201
0 0.721436 0.412186 0.139160 0.078201
0 0.877930 0.411535 0.138672 0.081460
0 0.908936 0.506028 0.117676 0.094493
0 0.732422 0.504725 0.218750 0.093190
0 0.553467 0.506843 0.117676 0.091561
0 0.428955 0.506354 0.117676 0.091235
0 0.306641 0.506680 0.116211 0.090583
0 0.187012 0.507494 0.116211 0.089606
0 0.067139 0.507494 0.115723 0.090909
0 0.064209 0.608179 0.117676 0.093516
0 0.182617 0.609319 0.116211 0.092538
0 0.307373 0.609482 0.116699 0.091561
0 0.428223 0.608016 0.118164 0.091235
0 0.553467 0.607364 0.119629 0.089932
0 0.673340 0.607038 0.117188 0.091887
0 0.779297 0.607527 0.091797 0.091561
0 0.899902 0.608993 0.122070 0.093190
0 0.857178 0.709189 0.198730 0.092864
0 0.651855 0.710166 0.195312 0.090909
0 0.424561 0.731509 0.115723 0.050179
0 0.305664 0.731672 0.117188 0.049202
0 0.182861 0.710492 0.117676 0.094167
0 0.066162 0.710981 0.118652 0.091887
0 0.067627 0.809873 0.117676 0.092212
0 0.186035 0.809873 0.120117 0.092212
0 0.307129 0.810199 0.116211 0.092212
0 0.424805 0.809547 0.117188 0.092212
0 0.544922 0.808732 0.117188 0.091887
0 0.663086 0.809058 0.116211 0.093842
0 0.787354 0.809384 0.118652 0.092538
0 0.907471 0.808244 0.116699 0.092864
0 0.906006 0.908765 0.119629 0.093842
0 0.787109 0.908276 0.116211 0.092212
0 0.668945 0.908928 0.116211 0.093516
0 0.546387 0.908928 0.117188 0.091561
0 0.420166 0.908765 0.120605 0.091887
0 0.300293 0.909743 0.116211 0.089932
0 0.181396 0.909580 0.119629 0.092212
0 0.060791 0.910720 0.118652 0.092538
