0 0.194580 0.101210 0.141113 0.118705
0 0.349121 0.100392 0.145508 0.119686
0 0.562500 0.099575 0.274414 0.118051
0 0.841064 0.100719 0.277832 0.119686
0 0.112305 0.220896 0.142578 0.080772
0 0.264648 0.219751 0.143555 0.081099
0 0.418701 0.219915 0.145020 0.082080
0 0.577393 0.219261 0.145996 0.082080
0 0.734619 0.219424 0.145020 0.082407
0 0.897217 0.220569 0.145020 0.082080
0 0.114990 0.319653 0.145020 0.080772
0 0.272217 0.317855 0.145020 0.080445
0 0.428955 0.317364 0.143066 0.081426
0 0.573486 0.317691 0.145020 0.082734
0 0.732666 0.318672 0.143066 0.082080
0 0.892822 0.319326 0.144043 0.079464
0 0.107178 0.416612 0.145020 0.081099
0 0.256836 0.416285 0.142578 0.081099
0 0.407715 0.415795 0.144531 0.084042
0 0.571045 0.414323 0.144043 0.083715
0 0.731201 0.415631 0.145020 0.081753
0 0.900391 0.416122 0.144531 0.082080
0 0.111816 0.517332 0.143555 0.082407
0 0.341064 0.515860 0.272949 0.082734
0 0.572754 0.516514 0.140625 0.082080
0 0.735596 0.516514 0.144043 0.081426
0 0.897461 0.516351 0.144531 0.081753
0 0.108154 0.616743 0.143066 0.082407
0 0.258545 0.617397 0.145996 0.081099
0 0.409424 0.615598 0.141113 0.081426
0 0.552246 0.615925 0.139648 0.081426
0 0.735840 0.614617 0.143555 0.081426
0 0.897949 0.615925 0.144531 0.082080
0 0.156982 0.709941 0.232910 0.095487
0 0.395020 0.709287 0.230469 0.096795
0 0.567627 0.709287 0.116699 0.096141
0 0.689697 0.710105 0.117676 0.097122
0 0.808838 0.710432 0.117676 0.095814
0 0.926025 0.709287 0.117676 0.098103
0 0.100830 0.810334 0.124512 0.096141
0 0.223389 0.809843 0.120605 0.095160
0 0.338623 0.809516 0.114746 0.091890
0 0.452148 0.810170 0.115234 0.093852
0 0.574219 0.810007 0.118164 0.096141
0 0.692383 0.809843 0.118164 0.096468
0 0.809570 0.808862 0.119141 0.095160
0 0.928223 0.807390 0.116211 0.096141
0 0.098877 0.910399 0.120605 0.096141
0 0.218262 0.909581 0.117188 0.095160
0 0.337402 0.908110 0.118164 0.096141
0 0.454346 0.908927 0.117676 0.095814
0 0.573242 0.909254 0.119141 0.095160
0 0.689453 0.907783 0.116211 0.095487
0 0.805420 0.907946 0.118652 0.095814
0 0.927246 0.908110 0.117188 0.096141
