0 0.219971 0.111674 0.114746 0.091890
0 0.334717 0.111184 0.113770 0.091563
0 0.453125 0.110203 0.116211 0.091563
0 0.573242 0.109876 0.114258 0.090909
0 0.694336 0.110203 0.117188 0.092871
0 0.812500 0.111511 0.114258 0.092217
0 0.933350 0.111020 0.116699 0.093198
0 0.927490 0.211249 0.118652 0.090909
0 0.809082 0.210268 0.119141 0.091563
0 0.689209 0.210922 0.115723 0.090909
0 0.569824 0.210922 0.117188 0.090909
0 0.446533 0.210922 0.116699 0.091563
0 0.330322 0.211740 0.114746 0.091236
0 0.216309 0.211413 0.116211 0.091236
0 0.093994 0.212067 0.116699 0.091236
0 0.091553 0.310007 0.116699 0.091563
0 0.209961 0.309680 0.115234 0.092217
0 0.327393 0.310661 0.116699 0.090909
0 0.443115 0.309843 0.113770 0.091890
0 0.565430 0.309680 0.118164 0.091563
0 0.688965 0.310007 0.115234 0.090255
0 0.810547 0.310007 0.116211 0.091563
0 0.925293 0.310661 0.115234 0.090909
0 0.924805 0.410726 0.113281 0.085023
0 0.807129 0.407129 0.117188 0.091563
0 0.687012 0.407129 0.117188 0.090909
0 0.562988 0.404840 0.117188 0.091563
0 0.438721 0.406311 0.116699 0.092544
0 0.324707 0.407292 0.115234 0.091236
0 0.208496 0.407456 0.115234 0.091563
0 0.092773 0.406475 0.118164 0.091563
0 0.091553 0.508339 0.115723 0.091890
0 0.207275 0.507358 0.114746 0.091890
0 0.323975 0.508012 0.116699 0.090582
0 0.440674 0.507194 0.115723 0.090255
0 0.562744 0.506867 0.116699 0.091563
0 0.685791 0.508012 0.116699 0.092544
0 0.804932 0.508175 0.115723 0.092217
0 0.925781 0.508012 0.116211 0.093852
0 0.925537 0.608731 0.117676 0.089928
0 0.680908 0.605952 0.119629 0.096141
0 0.555664 0.607096 0.116211 0.092544
0 0.437988 0.607914 0.116211 0.090255
0 0.321777 0.607260 0.114258 0.091563
0 0.206299 0.608404 0.114746 0.090582
0 0.090576 0.608241 0.118652 0.090255
0 0.093506 0.706671 0.115723 0.091563
0 0.208008 0.705363 0.113281 0.094179
0 0.435547 0.707816 0.117188 0.091890
0 0.557617 0.707816 0.118164 0.092544
0 0.679443 0.708797 0.113770 0.092544
0 0.810059 0.688031 0.119141 0.133421
0 0.093506 0.807227 0.114746 0.092544
0 0.209229 0.807554 0.115723 0.091236
0 0.329346 0.807881 0.115723 0.091236
0 0.459473 0.803793 0.134766 0.100065
0 0.618652 0.809516 0.166016 0.087966
0 0.808594 0.808044 0.117188 0.090909
0 0.924561 0.810007 0.115723 0.089601
0 0.810547 0.908600 0.116211 0.089274
0 0.690674 0.907619 0.114746 0.089274
0 0.572021 0.908600 0.117676 0.089274
0 0.449951 0.907783 0.112793 0.090255
0 0.332520 0.907946 0.116211 0.090582
0 0.213623 0.908600 0.113770 0.089274
0 0.097412 0.908110 0.117676 0.089601
