0 0.060303 0.114695 0.113770 0.089932
0 0.180176 0.114532 0.118164 0.090909
0 0.301758 0.114044 0.117188 0.092538
0 0.420898 0.111763 0.115234 0.091235
0 0.542480 0.113229 0.117188 0.091561
0 0.663086 0.111926 0.116211 0.091561
0 0.784912 0.111600 0.117676 0.092212
0 0.063965 0.215868 0.117188 0.090257
0 0.184326 0.215054 0.115723 0.091235
0 0.304688 0.215054 0.116211 0.091887
0 0.427490 0.215217 0.113770 0.090909
0 0.545166 0.214402 0.113770 0.091235
0 0.668945 0.214076 0.116211 0.090583
0 0.789551 0.214239 0.117188 0.090909
0 0.909912 0.215054 0.115723 0.089932
0 0.896484 0.319485 0.137695 0.077224
0 0.770752 0.316227 0.110840 0.082437
0 0.651855 0.315249 0.114258 0.085696
0 0.534912 0.316227 0.111816 0.085044
0 0.424316 0.315249 0.113281 0.086999
0 0.304932 0.316390 0.110840 0.085370
0 0.189697 0.315249 0.109863 0.087651
0 0.070801 0.314761 0.116211 0.091235
0 0.064941 0.411209 0.117188 0.090583
0 0.185547 0.410394 0.115234 0.092212
0 0.304443 0.409580 0.115723 0.092538
0 0.421387 0.409743 0.120117 0.092864
0 0.539551 0.409417 0.118164 0.091561
0 0.656738 0.409254 0.115234 0.091887
0 0.774170 0.409091 0.116699 0.090257
0 0.897461 0.408765 0.117188 0.092864
0 0.905518 0.509123 0.119629 0.092864
0 0.785889 0.509123 0.117676 0.092864
0 0.670166 0.509449 0.116699 0.089606
0 0.549561 0.509612 0.116699 0.093190
0 0.425781 0.511404 0.120117 0.092212
0 0.302002 0.510753 0.116699 0.092212
0 0.185303 0.510916 0.116699 0.091235
0 0.066162 0.510916 0.117676 0.091235
0 0.064209 0.610948 0.115723 0.091887
0 0.184814 0.611437 0.116699 0.093516
0 0.307129 0.609645 0.121094 0.093842
0 0.429688 0.610134 0.119141 0.093516
0 0.549561 0.610134 0.118652 0.093516
0 0.669922 0.609319 0.115234 0.091235
0 0.789307 0.609645 0.114746 0.093190
0 0.907959 0.608179 0.119629 0.093516
0 0.909180 0.710329 0.120117 0.093842
0 0.789062 0.709677 0.119141 0.092538
0 0.669922 0.710166 0.116211 0.091561
0 0.549072 0.711144 0.117676 0.091561
0 0.424072 0.712284 0.115723 0.089932
0 0.183594 0.712773 0.116211 0.092212
0 0.064697 0.711795 0.116699 0.092864
0 0.062988 0.812154 0.116211 0.093516
0 0.177979 0.813294 0.115723 0.090583
0 0.299805 0.811502 0.114258 0.092864
0 0.420410 0.811013 0.119141 0.092538
0 0.541260 0.810525 0.115723 0.090909
0 0.663086 0.810036 0.118164 0.092538
0 0.785889 0.810036 0.115723 0.091235
0 0.905273 0.810850 0.118164 0.092212
0 0.908447 0.909743 0.119629 0.089280
0 0.787598 0.908276 0.118164 0.092864
0 0.667725 0.905507 0.122559 0.097100
0 0.546387 0.908928 0.118164 0.092212
0 0.426758 0.910394 0.116211 0.092538
0 0.306152 0.910394 0.117188 0.091235
0 0.186279 0.910557 0.114746 0.091561
0 0.065918 0.911861 0.116211 0.090257
