0 0.208008 0.102845 0.129883 0.110203
0 0.347656 0.102191 0.130859 0.109549
0 0.483643 0.105298 0.130371 0.103990
0 0.624512 0.099902 0.130859 0.104971
0 0.766602 0.099411 0.131836 0.104644
0 0.900391 0.104153 0.132812 0.104317
0 0.935547 0.212557 0.115234 0.090909
0 0.821777 0.204218 0.111328 0.105625
0 0.713135 0.212394 0.117676 0.089274
0 0.594482 0.210432 0.110840 0.092544
0 0.467285 0.212067 0.117188 0.091236
0 0.346924 0.211740 0.116699 0.093198
0 0.229980 0.213375 0.113281 0.089274
0 0.104980 0.209451 0.124023 0.097776
0 0.100342 0.308044 0.119629 0.090909
0 0.220215 0.308208 0.116211 0.091236
0 0.339111 0.308044 0.115723 0.092217
0 0.457764 0.307390 0.114746 0.092217
0 0.573242 0.306900 0.116211 0.093198
0 0.691406 0.305755 0.115234 0.091563
0 0.809082 0.308208 0.116211 0.091236
0 0.927002 0.308044 0.115723 0.092217
0 0.858154 0.407129 0.224121 0.092871
0 0.686279 0.407292 0.115723 0.091890
0 0.567871 0.407129 0.116211 0.091563
0 0.452637 0.406475 0.117188 0.091563
0 0.334473 0.406475 0.116211 0.091563
0 0.213867 0.408110 0.116211 0.091563
0 0.097168 0.407129 0.117188 0.092217
0 0.092529 0.508012 0.115723 0.093852
0 0.208008 0.507848 0.117188 0.092217
0 0.329346 0.507521 0.116699 0.090909
0 0.449707 0.507031 0.116211 0.091890
0 0.566895 0.508175 0.116211 0.091563
0 0.684814 0.507685 0.115723 0.090582
0 0.799805 0.508339 0.115234 0.090582
0 0.918457 0.508012 0.117188 0.091236
0 0.911621 0.609058 0.118164 0.091890
0 0.793213 0.609222 0.116699 0.090909
0 0.675781 0.608404 0.115234 0.089928
0 0.561768 0.608568 0.115723 0.092217
0 0.441895 0.608404 0.115234 0.091236
0 0.323242 0.608404 0.116211 0.092544
0 0.205322 0.609712 0.115723 0.090582
0 0.091553 0.609385 0.114746 0.091236
0 0.090820 0.710268 0.115234 0.092217
0 0.206543 0.711576 0.116211 0.092217
0 0.324951 0.710922 0.114746 0.090909
0 0.442139 0.709451 0.116699 0.091890
0 0.560059 0.710432 0.115234 0.091236
0 0.677734 0.710595 0.116211 0.091563
0 0.794922 0.709614 0.114258 0.090909
0 0.913574 0.709451 0.116211 0.091236
0 0.913818 0.810988 0.116699 0.091563
0 0.793457 0.810661 0.116211 0.090909
0 0.675049 0.810824 0.114746 0.091236
0 0.555908 0.810007 0.116699 0.090255
0 0.439941 0.810007 0.117188 0.091563
0 0.324707 0.810007 0.114258 0.090909
0 0.206543 0.810661 0.117188 0.090909
0 0.087646 0.810988 0.117676 0.090909
0 0.087891 0.910726 0.117188 0.090909
0 0.204590 0.909745 0.114258 0.093525
0 0.321289 0.910072 0.112305 0.090909
0 0.437744 0.909418 0.113770 0.090909
0 0.553223 0.910726 0.113281 0.092217
0 0.672607 0.910072 0.114746 0.091563
0 0.792236 0.909745 0.116699 0.090255
0 0.911865 0.909581 0.116699 0.093198
