0 0.060303 0.113614 0.114746 0.091414
0 0.183594 0.113124 0.114258 0.090434
0 0.302734 0.111329 0.114258 0.091414
0 0.420654 0.110186 0.114746 0.093699
0 0.540283 0.110513 0.115723 0.091087
0 0.661865 0.111492 0.114746 0.091087
0 0.780762 0.110513 0.115234 0.091087
0 0.061768 0.212863 0.115723 0.091414
0 0.182861 0.213679 0.117676 0.091740
0 0.299072 0.213026 0.113770 0.090434
0 0.413330 0.212700 0.112793 0.089781
0 0.533936 0.212863 0.116699 0.089455
0 0.653809 0.211884 0.115234 0.090761
0 0.774414 0.211068 0.115234 0.091087
0 0.894531 0.211557 0.115234 0.090761
0 0.897217 0.306072 0.118652 0.092393
0 0.770752 0.303787 0.115723 0.095005
0 0.650391 0.307705 0.115234 0.089128
0 0.530762 0.307215 0.115234 0.092720
0 0.411621 0.308684 0.117188 0.091087
0 0.295898 0.309011 0.115234 0.090434
0 0.177490 0.309500 0.113770 0.092067
0 0.060547 0.308848 0.114258 0.090108
0 0.063477 0.407770 0.115234 0.090761
0 0.178711 0.407117 0.114258 0.092720
0 0.293945 0.406627 0.113281 0.093046
0 0.408936 0.407117 0.114746 0.092720
0 0.525635 0.403689 0.120605 0.097617
0 0.651611 0.403689 0.121582 0.096311
0 0.778564 0.402383 0.123535 0.100229
0 0.900879 0.401567 0.123047 0.095984
0 0.901367 0.506366 0.117188 0.092720
0 0.780762 0.507019 0.115234 0.090761
0 0.656738 0.506203 0.120117 0.093699
0 0.535156 0.505550 0.116211 0.093699
0 0.413086 0.507346 0.116211 0.092720
0 0.293701 0.507835 0.114746 0.090434
0 0.072510 0.506203 0.124512 0.096964
0 0.066162 0.610676 0.116699 0.092393
0 0.183105 0.611002 0.115234 0.091740
0 0.299561 0.608717 0.113770 0.093699
0 0.413574 0.609533 0.115234 0.092067
0 0.532471 0.609860 0.115723 0.090108
0 0.658203 0.609696 0.116211 0.091087
0 0.841309 0.608227 0.225586 0.091414
0 0.898682 0.709435 0.118652 0.091414
0 0.780273 0.709435 0.115234 0.091414
0 0.660400 0.709762 0.115723 0.090761
0 0.540527 0.711557 0.120117 0.091740
0 0.419678 0.710904 0.116699 0.091087
0 0.299561 0.711884 0.116699 0.091740
0 0.185059 0.711231 0.115234 0.091087
0 0.068604 0.711068 0.113770 0.091414
0 0.069824 0.812112 0.115234 0.091087
0 0.185547 0.812276 0.116211 0.090761
0 0.302734 0.811133 0.116211 0.089781
0 0.420898 0.811133 0.115234 0.091087
0 0.539551 0.811296 0.115234 0.090108
0 0.658203 0.809500 0.117188 0.092393
0 0.774902 0.809990 0.115234 0.090108
0 0.899658 0.865818 0.116699 0.178910
0 0.782227 0.909566 0.114258 0.090761
0 0.662842 0.910382 0.117676 0.089781
0 0.542236 0.910382 0.114746 0.090434
0 0.425049 0.911688 0.113770 0.089128
0 0.307129 0.911198 0.117188 0.092720
0 0.187744 0.910545 0.115723 0.094678
0 0.069092 0.910545 0.114746 0.090761
