0 0.212646 0.113288 0.116699 0.093373
0 0.330566 0.112471 0.117188 0.091740
0 0.447998 0.111329 0.114746 0.091414
0 0.563232 0.111329 0.116699 0.092720
0 0.683838 0.111655 0.117676 0.091414
0 0.801758 0.111492 0.115234 0.092393
0 0.920166 0.111818 0.115723 0.095005
0 0.922852 0.212537 0.115234 0.092720
0 0.805176 0.212047 0.116211 0.091087
0 0.686768 0.211884 0.116699 0.092720
0 0.568359 0.212210 0.116211 0.092720
0 0.450928 0.213026 0.115723 0.091740
0 0.332520 0.213843 0.116211 0.091414
0 0.216309 0.213843 0.116211 0.090761
0 0.096924 0.213353 0.116699 0.089781
0 0.094238 0.311786 0.116211 0.090108
0 0.213867 0.311623 0.116211 0.092393
0 0.331055 0.311296 0.117188 0.090434
0 0.447998 0.311459 0.114746 0.090761
0 0.567383 0.309337 0.117188 0.092393
0 0.683594 0.310970 0.114258 0.091087
0 0.806396 0.310153 0.117676 0.090108
0 0.924072 0.310806 0.114746 0.091414
0 0.922607 0.407770 0.115723 0.092720
0 0.807129 0.407770 0.119141 0.093373
0 0.687988 0.407280 0.117188 0.092393
0 0.571289 0.407933 0.119141 0.093699
0 0.451416 0.408423 0.118652 0.090108
0 0.328125 0.408097 0.117188 0.091414
0 0.210693 0.409076 0.114746 0.090761
0 0.094482 0.407933 0.113770 0.091087
0 0.094727 0.509794 0.116211 0.092393
0 0.208496 0.509468 0.114258 0.091740
0 0.320312 0.509468 0.114258 0.089781
0 0.434082 0.508325 0.114258 0.091414
0 0.552002 0.504897 0.124512 0.098923
0 0.675293 0.505387 0.123047 0.095984
0 0.795410 0.505387 0.124023 0.096637
0 0.786377 0.605126 0.127441 0.097617
0 0.650391 0.605779 0.125000 0.099576
0 0.515869 0.605452 0.129395 0.096964
0 0.381104 0.605615 0.125488 0.097943
0 0.237305 0.606432 0.125000 0.098270
0 0.097412 0.606432 0.124512 0.096964
0 0.098389 0.707640 0.128418 0.098270
0 0.233643 0.707966 0.128418 0.097617
0 0.373291 0.707476 0.123535 0.097290
0 0.509277 0.707150 0.123047 0.097943
0 0.650635 0.706497 0.123535 0.098596
0 0.786865 0.706007 0.126465 0.099576
0 0.923828 0.613777 0.136719 0.283382
0 0.923340 0.805746 0.124023 0.097943
0 0.790039 0.805420 0.125000 0.096637
0 0.669189 0.809827 0.116699 0.091740
0 0.554932 0.809174 0.115723 0.091740
0 0.437744 0.809827 0.114746 0.089128
0 0.323730 0.811133 0.118164 0.091087
0 0.206299 0.810970 0.114746 0.091414
0 0.088623 0.811623 0.114746 0.090761
0 0.097900 0.906138 0.124512 0.096964
0 0.225342 0.905648 0.123535 0.097290
0 0.350098 0.905648 0.123047 0.095984
0 0.478516 0.905975 0.123047 0.097290
0 0.606689 0.905648 0.123535 0.098596
0 0.736084 0.904995 0.126465 0.097943
0 0.870117 0.905158 0.124023 0.096311
