0 0.092529 0.099870 0.150879 0.119063
0 0.242676 0.101822 0.148438 0.117111
0 0.407471 0.099707 0.145996 0.117437
0 0.572266 0.109304 0.173828 0.100195
0 0.748047 0.099057 0.123047 0.121340
0 0.072754 0.212589 0.124023 0.096617
0 0.199463 0.211614 0.122559 0.095316
0 0.330566 0.210800 0.125000 0.096942
0 0.468750 0.210150 0.123047 0.097593
0 0.602295 0.210312 0.124512 0.097918
0 0.743652 0.210150 0.125977 0.096942
0 0.880371 0.209987 0.127930 0.096617
0 0.877441 0.308718 0.123047 0.095641
0 0.746094 0.308718 0.125977 0.096942
0 0.605713 0.309532 0.126465 0.095966
0 0.470703 0.309532 0.125977 0.096617
0 0.327637 0.310345 0.120117 0.098243
0 0.204102 0.309532 0.122070 0.097267
0 0.071289 0.309857 0.123047 0.096617
0 0.072754 0.406148 0.125000 0.097918
0 0.202637 0.406474 0.126953 0.096617
0 0.336182 0.406311 0.126465 0.098894
0 0.465332 0.407938 0.126953 0.097593
0 0.606201 0.406636 0.125488 0.099545
0 0.747559 0.405498 0.124023 0.097267
0 0.880859 0.406311 0.124023 0.096942
0 0.877441 0.507807 0.123047 0.098243
0 0.748779 0.507319 0.123535 0.099219
0 0.604004 0.506994 0.125977 0.096617
0 0.468262 0.507645 0.126953 0.095966
0 0.339844 0.507157 0.124023 0.096942
0 0.205078 0.507645 0.125000 0.096617
0 0.070801 0.507482 0.127930 0.094990
0 0.074219 0.604424 0.123047 0.103448
0 0.210938 0.606701 0.126953 0.097593
0 0.341064 0.607189 0.126465 0.099870
0 0.471436 0.607677 0.126465 0.098243
0 0.607178 0.607840 0.127441 0.099219
0 0.743652 0.607189 0.124023 0.096617
0 0.879150 0.606701 0.125488 0.098243
0 0.828369 0.712101 0.120605 0.092388
0 0.702637 0.710800 0.119141 0.091737
0 0.578857 0.710800 0.119629 0.089785
0 0.460938 0.711288 0.117188 0.091412
0 0.341309 0.712427 0.116211 0.090436
0 0.213379 0.708686 0.125000 0.097267
0 0.080322 0.709011 0.125488 0.096617
0 0.079346 0.809532 0.113770 0.093364
0 0.196289 0.810345 0.115234 0.093689
0 0.320068 0.811321 0.115723 0.093038
0 0.450928 0.810507 0.116699 0.091412
0 0.579590 0.812297 0.123047 0.093038
0 0.708008 0.809694 0.114258 0.089785
0 0.826660 0.811483 0.116211 0.090761
0 0.077637 0.907450 0.117188 0.097267
0 0.193115 0.914444 0.111816 0.085231
0 0.315186 0.913468 0.113770 0.083930
0 0.435303 0.909401 0.116699 0.093364
0 0.553711 0.909564 0.115234 0.091737
0 0.673096 0.910377 0.116699 0.093364
0 0.791260 0.908263 0.116699 0.092388
0 0.911865 0.908751 0.116699 0.093364
