0 0.211182 0.107096 0.174316 0.100392
0 0.389404 0.107587 0.176270 0.100065
0 0.562500 0.098267 0.146484 0.115435
0 0.716309 0.097286 0.146484 0.116743
0 0.889404 0.106442 0.173340 0.099738
0 0.934814 0.210432 0.113770 0.092544
0 0.811035 0.210759 0.118164 0.090582
0 0.692383 0.211576 0.115234 0.089601
0 0.569336 0.212067 0.116211 0.089928
0 0.450195 0.211903 0.116211 0.090909
0 0.335938 0.212067 0.117188 0.090582
0 0.218506 0.213375 0.117676 0.091236
0 0.098145 0.213538 0.120117 0.091563
0 0.095703 0.308371 0.118164 0.090909
0 0.215820 0.307881 0.114258 0.091236
0 0.335205 0.306736 0.114746 0.092217
0 0.453369 0.307881 0.118652 0.091890
0 0.574219 0.306900 0.117188 0.091890
0 0.690918 0.307717 0.117188 0.092217
0 0.812012 0.304120 0.117188 0.095487
0 0.931641 0.306082 0.118164 0.092217
0 0.786621 0.405657 0.115234 0.092544
0 0.636963 0.427077 0.114746 0.047090
0 0.506104 0.426913 0.114746 0.052649
0 0.372070 0.428385 0.115234 0.048398
0 0.233887 0.413669 0.137695 0.079791
0 0.091309 0.407456 0.117188 0.092217
0 0.093262 0.507848 0.117188 0.093525
0 0.268555 0.507685 0.221680 0.091890
0 0.444336 0.507358 0.116211 0.091236
0 0.562012 0.506540 0.114258 0.091563
0 0.677002 0.506867 0.114746 0.092217
0 0.790771 0.506540 0.115723 0.091563
0 0.095459 0.609876 0.118652 0.093525
0 0.215820 0.609549 0.115234 0.091563
0 0.337158 0.609222 0.115723 0.092217
0 0.455078 0.608241 0.116211 0.092871
0 0.571289 0.608895 0.114258 0.092217
0 0.686523 0.607750 0.116211 0.089928
0 0.803955 0.606279 0.117676 0.090909
0 0.926758 0.521746 0.115234 0.265206
0 0.931396 0.707979 0.116699 0.090909
0 0.812744 0.708797 0.115723 0.092544
0 0.697998 0.709287 0.117676 0.090909
0 0.578369 0.709614 0.115723 0.089601
0 0.458496 0.709941 0.116211 0.093525
0 0.335693 0.710432 0.112793 0.091236
0 0.213867 0.711740 0.118164 0.091890
0 0.096191 0.710432 0.120117 0.091236
0 0.106934 0.817037 0.136719 0.078810
0 0.243652 0.809843 0.118164 0.091236
0 0.364990 0.809843 0.114746 0.093852
0 0.485352 0.811478 0.118164 0.090582
0 0.608643 0.809516 0.117676 0.092544
0 0.726562 0.810007 0.113281 0.089601
0 0.105469 0.907456 0.128906 0.100065
0 0.290527 0.907946 0.225586 0.093852
0 0.463135 0.909254 0.116699 0.090582
0 0.590820 0.906965 0.129883 0.095160
0 0.730713 0.910562 0.111816 0.084696
0 0.865479 0.898463 0.132324 0.110857
