0 0.203369 0.083415 0.138184 0.143324
0 0.348877 0.083252 0.138184 0.144956
0 0.499023 0.085047 0.136719 0.142671
0 0.642334 0.083741 0.140137 0.143324
0 0.846924 0.108554 0.213379 0.098923
0 0.698730 0.210251 0.210938 0.095984
0 0.421143 0.307215 0.212402 0.097943
0 0.194092 0.307052 0.211426 0.096311
0 0.121582 0.463761 0.116211 0.177277
0 0.269287 0.405158 0.159668 0.088802
0 0.435303 0.406791 0.160645 0.091414
0 0.593506 0.406791 0.113770 0.090761
0 0.237793 0.507509 0.109375 0.085864
0 0.353760 0.508488 0.108887 0.088475
0 0.466064 0.509958 0.110840 0.090108
0 0.612305 0.507835 0.159180 0.089128
0 0.785889 0.509305 0.159668 0.090108
0 0.923828 0.508325 0.112305 0.090761
0 0.799316 0.608717 0.160156 0.090434
0 0.603027 0.605126 0.217773 0.095658
0 0.381348 0.605615 0.220703 0.092067
0 0.155518 0.604799 0.219238 0.091087
0 0.095947 0.707640 0.112793 0.090434
0 0.216553 0.708456 0.115723 0.089455
0 0.336670 0.709435 0.114746 0.090108
0 0.454102 0.709435 0.114258 0.090108
0 0.566895 0.709762 0.114258 0.088802
0 0.682861 0.709109 0.111816 0.089455
0 0.796875 0.707803 0.113281 0.088802
0 0.919922 0.709925 0.115234 0.092393
0 0.921143 0.809827 0.115723 0.091087
0 0.802490 0.809011 0.116699 0.091414
0 0.682373 0.809500 0.112793 0.090434
0 0.565430 0.808195 0.114258 0.093046
0 0.444336 0.809174 0.114258 0.090434
0 0.330078 0.808521 0.112305 0.091740
0 0.209229 0.808521 0.113770 0.089781
0 0.090820 0.808031 0.114258 0.090108
0 0.089600 0.906791 0.115723 0.091740
0 0.208252 0.906627 0.114746 0.092067
0 0.323730 0.906791 0.113281 0.093046
0 0.447754 0.907280 0.113281 0.093373
0 0.566162 0.908750 0.113770 0.092393
0 0.685059 0.908097 0.115234 0.091087
0 0.803223 0.908260 0.115234 0.093373
0 0.920410 0.908423 0.114258 0.093046
0 0.169434 0.205191 0.303711 0.102840
0 0.449707 0.205681 0.303711 0.101208
0 0.801025 0.358472 0.299316 0.197845
