0 0.096924 0.096123 0.141113 0.129684
0 0.244385 0.090420 0.138184 0.126751
0 0.408691 0.080971 0.140625 0.145650
0 0.552002 0.086510 0.139160 0.144998
0 0.774414 0.165689 0.195312 0.184099
0 0.578857 0.212773 0.190918 0.095145
0 0.375732 0.206256 0.213379 0.106224
0 0.138672 0.213262 0.222656 0.093516
0 0.122314 0.311991 0.190918 0.094167
0 0.348145 0.310525 0.215820 0.094493
0 0.592773 0.406810 0.210938 0.096774
0 0.584229 0.507657 0.211426 0.097100
0 0.827881 0.407136 0.212402 0.095471
0 0.386230 0.484523 0.139648 0.144021
0 0.230713 0.485989 0.140137 0.143043
0 0.080566 0.485989 0.141602 0.142392
0 0.115234 0.684914 0.156250 0.143369
0 0.296143 0.682307 0.156738 0.148583
0 0.504639 0.704953 0.222168 0.100684
0 0.727051 0.710166 0.182617 0.091561
0 0.126709 0.808895 0.204590 0.097426
0 0.343750 0.814272 0.199219 0.084066
0 0.502686 0.811339 0.108887 0.086673
0 0.620117 0.910883 0.209961 0.088302
0 0.842529 0.878136 0.180176 0.154448
