0 0.158203 0.087345 0.151367 0.148666
0 0.319092 0.086207 0.150879 0.149642
0 0.475098 0.084906 0.145508 0.156148
0 0.637695 0.082954 0.145508 0.158100
0 0.802002 0.084906 0.145996 0.157450
0 0.073975 0.215517 0.121582 0.095316
0 0.196045 0.214379 0.121582 0.095641
0 0.314453 0.215192 0.118164 0.094014
0 0.435059 0.214704 0.122070 0.096291
0 0.558594 0.214704 0.121094 0.096291
0 0.705322 0.215192 0.175293 0.094665
0 0.881348 0.215517 0.177734 0.094665
0 0.107178 0.314086 0.176270 0.095966
0 0.297363 0.313110 0.176758 0.095966
0 0.482910 0.312134 0.174805 0.095316
0 0.671387 0.313435 0.175781 0.095316
0 0.860840 0.313923 0.177734 0.097593
0 0.101318 0.409889 0.175293 0.096291
0 0.287842 0.409564 0.177246 0.095641
0 0.482910 0.408751 0.179688 0.095966
0 0.672363 0.409239 0.176758 0.096291
0 0.855225 0.410215 0.176270 0.094990
0 0.101562 0.510410 0.178711 0.095641
0 0.319580 0.507645 0.234863 0.095316
0 0.562500 0.509434 0.235352 0.096942
0 0.810547 0.510898 0.230469 0.098569
0 0.088379 0.680059 0.142578 0.155823
0 0.240479 0.680709 0.145020 0.157124
0 0.397217 0.680384 0.144043 0.157124
0 0.554443 0.679896 0.145996 0.155498
0 0.714355 0.681360 0.142578 0.155823
0 0.870850 0.682010 0.144043 0.155172
0 0.086670 0.880937 0.144043 0.152245
0 0.238281 0.879473 0.144531 0.154522
0 0.389648 0.878985 0.144531 0.156148
0 0.557861 0.879636 0.144043 0.157450
0 0.717285 0.878497 0.144531 0.157775
0 0.874512 0.880612 0.146484 0.155498
