0 0.094971 0.100847 0.132324 0.114370
0 0.233643 0.099381 0.131348 0.115347
0 0.374023 0.099381 0.133789 0.115999
0 0.514648 0.097100 0.128906 0.114695
0 0.644531 0.099055 0.129883 0.115347
0 0.809570 0.085207 0.131836 0.143043
0 0.120605 0.274356 0.179688 0.159009
0 0.301514 0.273868 0.179199 0.157380
0 0.073486 0.407950 0.115723 0.090583
0 0.188477 0.408113 0.111328 0.090257
0 0.300049 0.408113 0.112793 0.090257
0 0.411865 0.407136 0.110840 0.088302
0 0.525146 0.405833 0.109863 0.090257
0 0.635742 0.406973 0.113281 0.089932
0 0.750488 0.406484 0.111328 0.087651
0 0.872559 0.407788 0.113281 0.088954
0 0.712646 0.500978 0.231934 0.099381
0 0.471436 0.500326 0.228027 0.101988
0 0.295654 0.509938 0.108887 0.086673
0 0.184326 0.507820 0.109863 0.088954
0 0.064941 0.508798 0.110352 0.087651
0 0.136963 0.608667 0.196777 0.094493
0 0.358887 0.606386 0.204102 0.095145
0 0.581055 0.604757 0.210938 0.088628
0 0.805176 0.600847 0.209961 0.089280
0 0.825684 0.701694 0.259766 0.107201
0 0.576172 0.707722 0.217773 0.093842
0 0.353027 0.709352 0.218750 0.095145
0 0.123535 0.708700 0.216797 0.095145
0 0.086182 0.893125 0.142090 0.126426
0 0.231445 0.886119 0.137695 0.138482
0 0.374512 0.885793 0.138672 0.136527
0 0.512939 0.881720 0.129395 0.144673
0 0.659424 0.878625 0.142090 0.147605
0 0.806641 0.884164 0.130859 0.143695
0 0.599365 0.276474 0.244629 0.161290
0 0.843262 0.277126 0.243164 0.160639
