0 0.244141 0.101900 0.215820 0.112058
0 0.463867 0.102064 0.210938 0.110419
0 0.703369 0.110911 0.210449 0.092726
0 0.163086 0.214286 0.211914 0.089777
0 0.383301 0.214286 0.209961 0.087811
0 0.601318 0.212647 0.207520 0.089777
0 0.898438 0.185780 0.164062 0.144823
0 0.719727 0.387942 0.271484 0.129751
0 0.470215 0.368447 0.188477 0.169397
0 0.295166 0.378440 0.153809 0.152031
0 0.118652 0.374509 0.180664 0.161861
0 0.166748 0.596166 0.250488 0.119594
0 0.403564 0.599279 0.208496 0.108781
0 0.601562 0.578637 0.156250 0.150066
0 0.780029 0.574541 0.180176 0.159567
0 0.930176 0.610092 0.111328 0.087811
0 0.544189 0.780308 0.142090 0.143185
0 0.371094 0.783585 0.130859 0.143185
0 0.154297 0.795872 0.208984 0.119921
0 0.113770 0.910387 0.159180 0.088794
0 0.271973 0.909567 0.158203 0.089777
0 0.406006 0.909731 0.109863 0.088139
0 0.516113 0.910059 0.111328 0.087484
0 0.626953 0.909076 0.108398 0.087484
0 0.760498 0.906291 0.155762 0.092398
0 0.918701 0.906619 0.155762 0.095020
0 0.789795 0.759502 0.299316 0.202490
