0 0.178711 0.097969 0.135742 0.115334
0 0.319336 0.095839 0.142578 0.120249
0 0.463623 0.095839 0.145020 0.120904
0 0.611816 0.095839 0.148438 0.119594
0 0.762695 0.096494 0.142578 0.119594
0 0.911621 0.096166 0.142578 0.119594
0 0.735596 0.293414 0.251465 0.114351
0 0.452881 0.294561 0.248535 0.114679
0 0.188232 0.293906 0.251465 0.114024
0 0.169189 0.400066 0.231934 0.100917
0 0.407715 0.402031 0.225586 0.095675
0 0.653320 0.401048 0.226562 0.098952
0 0.875244 0.466743 0.171387 0.169397
0 0.655029 0.505079 0.209473 0.094037
0 0.346680 0.496232 0.167969 0.089450
0 0.157471 0.493775 0.208496 0.088467
0 0.099854 0.597149 0.137207 0.114351
0 0.237061 0.596822 0.135254 0.114351
0 0.406250 0.603702 0.179688 0.100590
0 0.589844 0.604030 0.177734 0.096658
0 0.095703 0.711009 0.110352 0.086501
0 0.213135 0.710682 0.110840 0.086501
0 0.330566 0.711173 0.111328 0.088139
0 0.451172 0.711664 0.106445 0.086501
0 0.589844 0.717890 0.131836 0.073394
0 0.791504 0.705767 0.129883 0.098296
0 0.921143 0.705439 0.128418 0.096986
0 0.730957 0.806684 0.208008 0.093709
0 0.911133 0.883519 0.126953 0.138598
0 0.734131 0.907110 0.210449 0.093381
0 0.557129 0.882536 0.139648 0.140564
0 0.406982 0.883028 0.139160 0.142202
0 0.254395 0.884666 0.142578 0.138925
0 0.107666 0.882700 0.138184 0.140891
