0 0.150391 0.099057 0.253906 0.112882
0 0.414307 0.099219 0.252441 0.112557
0 0.618652 0.078562 0.147461 0.156474
0 0.795166 0.081815 0.161621 0.149317
0 0.790039 0.210475 0.210938 0.093038
0 0.579834 0.221047 0.133301 0.074496
0 0.389648 0.207222 0.234375 0.101496
0 0.133301 0.206409 0.234375 0.100520
0 0.081055 0.379961 0.131836 0.143136
0 0.217529 0.380449 0.131348 0.141509
0 0.355957 0.380286 0.129883 0.141835
0 0.489258 0.379961 0.131836 0.141835
0 0.622803 0.380286 0.133301 0.142485
0 0.757324 0.381750 0.128906 0.142811
0 0.890869 0.381100 0.131348 0.141509
0 0.441406 0.508133 0.111328 0.087833
0 0.322510 0.508458 0.111816 0.088484
0 0.118164 0.499187 0.215820 0.094014
0 0.126953 0.601008 0.211914 0.107677
0 0.346191 0.606539 0.213867 0.094665
0 0.558838 0.706897 0.209473 0.094340
0 0.766602 0.708848 0.208984 0.092388
0 0.555664 0.808230 0.211914 0.094665
0 0.378418 0.783344 0.139648 0.141184
0 0.230225 0.785296 0.142090 0.141835
0 0.079834 0.785621 0.143066 0.139883
0 0.116943 0.906962 0.219238 0.094340
0 0.336426 0.907124 0.216797 0.096617
0 0.551025 0.906148 0.215332 0.096617
0 0.732910 0.896064 0.141602 0.120039
0 0.885986 0.886792 0.152832 0.137931
0 0.582764 0.594177 0.155762 0.120039
0 0.745361 0.594340 0.151855 0.121015
0 0.890869 0.581815 0.144043 0.144112
