0 0.189453 0.110857 0.118164 0.096141
0 0.311035 0.111838 0.116211 0.093525
0 0.432129 0.109385 0.118164 0.095160
0 0.552734 0.112982 0.115234 0.090582
0 0.672119 0.109712 0.119629 0.093198
0 0.792969 0.111184 0.118164 0.091563
0 0.910645 0.109549 0.113281 0.088947
0 0.906494 0.209614 0.118652 0.094179
0 0.776367 0.210432 0.121094 0.094506
0 0.639648 0.212230 0.122070 0.091563
0 0.489746 0.211413 0.127930 0.095160
0 0.345947 0.212557 0.119629 0.092871
0 0.218994 0.212067 0.117676 0.092544
0 0.096436 0.212721 0.119629 0.091890
0 0.158936 0.306246 0.226074 0.091236
0 0.342529 0.307227 0.119629 0.089274
0 0.471924 0.305755 0.115723 0.090255
0 0.601318 0.306246 0.115723 0.091890
0 0.736572 0.311315 0.137207 0.080445
0 0.886719 0.310007 0.138672 0.080445
0 0.732422 0.398790 0.266602 0.104971
0 0.461182 0.399444 0.265137 0.104971
0 0.187744 0.400262 0.264160 0.103336
0 0.191162 0.501472 0.264160 0.103663
0 0.442871 0.506050 0.211914 0.093852
0 0.678955 0.501145 0.222168 0.101046
0 0.118408 0.681001 0.152832 0.148136
0 0.285156 0.666122 0.155273 0.175932
0 0.455322 0.677894 0.175293 0.154349
0 0.619873 0.671844 0.154785 0.163833
0 0.763672 0.682636 0.142578 0.141596
0 0.903076 0.689830 0.140137 0.128515
0 0.884766 0.807063 0.208008 0.092871
0 0.654541 0.802485 0.245605 0.103336
0 0.404541 0.803630 0.242676 0.102354
0 0.154785 0.803957 0.245117 0.102354
0 0.124268 0.904840 0.132324 0.102681
0 0.327148 0.903041 0.261719 0.102354
