0 0.127686 0.097833 0.218262 0.107026
0 0.359131 0.091760 0.229980 0.120486
0 0.590820 0.096684 0.233398 0.119173
0 0.796875 0.098490 0.170898 0.114248
0 0.376709 0.204366 0.220215 0.109324
0 0.124756 0.204531 0.247559 0.109652
0 0.147705 0.390348 0.261230 0.124754
0 0.396729 0.393631 0.229980 0.118188
0 0.639893 0.396093 0.238770 0.109980
0 0.725342 0.504760 0.177246 0.092909
0 0.538086 0.503447 0.188477 0.099475
0 0.375000 0.510013 0.108398 0.087656
0 0.255859 0.509849 0.108398 0.086671
0 0.106689 0.507223 0.178223 0.092580
0 0.130859 0.604071 0.244141 0.102429
0 0.376709 0.603578 0.221191 0.103414
0 0.603271 0.602758 0.224121 0.104399
0 0.839355 0.601609 0.221680 0.103414
0 0.826172 0.703053 0.222656 0.100131
0 0.589600 0.705680 0.221191 0.101445
0 0.359375 0.705844 0.221680 0.103743
0 0.129639 0.706172 0.222168 0.102429
0 0.804688 0.802692 0.221680 0.099803
0 0.811523 0.903480 0.222656 0.103086
0 0.585693 0.880335 0.153809 0.150033
0 0.424316 0.881156 0.154297 0.149705
0 0.258057 0.882469 0.153809 0.150361
0 0.100586 0.881648 0.156250 0.149376
