0 0.258545 0.098267 0.275879 0.118051
0 0.541748 0.099738 0.277832 0.117724
0 0.828613 0.099902 0.278320 0.119359
0 0.137939 0.263571 0.178223 0.183780
0 0.325195 0.262426 0.176758 0.185415
0 0.514404 0.262590 0.181152 0.185088
0 0.700684 0.262917 0.177734 0.187704
0 0.868652 0.261936 0.127930 0.186396
0 0.159668 0.408273 0.231445 0.096468
0 0.403076 0.406965 0.230957 0.094506
0 0.693115 0.413342 0.274902 0.082407
0 0.905029 0.405494 0.123535 0.097449
0 0.133057 0.509647 0.175293 0.095160
0 0.318359 0.508666 0.177734 0.095160
0 0.493408 0.506540 0.120605 0.097449
0 0.630127 0.508012 0.123535 0.097122
0 0.767334 0.506704 0.121582 0.097122
0 0.904785 0.507685 0.122070 0.096468
0 0.113037 0.618051 0.144043 0.080445
0 0.253174 0.617888 0.145020 0.082734
0 0.446289 0.609712 0.231445 0.096468
0 0.630127 0.609222 0.120605 0.096141
0 0.766113 0.607096 0.124023 0.099084
0 0.907227 0.614127 0.146484 0.081753
0 0.104004 0.717789 0.142578 0.081753
0 0.250977 0.719424 0.141602 0.080445
0 0.397461 0.718116 0.141602 0.082407
0 0.540039 0.710595 0.120117 0.096795
0 0.660400 0.710268 0.122559 0.096795
0 0.785889 0.709451 0.120605 0.097776
0 0.914551 0.709614 0.121094 0.096795
0 0.526855 0.809843 0.176758 0.096468
0 0.677246 0.812132 0.118164 0.091236
0 0.798096 0.814421 0.119629 0.084696
0 0.924316 0.811478 0.121094 0.094506
0 0.235840 0.890451 0.390625 0.132767
0 0.501709 0.915304 0.116699 0.087639
0 0.634277 0.914977 0.121094 0.086331
0 0.835449 0.909091 0.234375 0.095487
