0 0.187012 0.097805 0.140625 0.120249
0 0.337402 0.090433 0.142578 0.133683
0 0.500977 0.095675 0.142578 0.123853
0 0.660400 0.095511 0.153809 0.130734
0 0.852051 0.103702 0.204102 0.107143
0 0.842041 0.213958 0.158691 0.089122
0 0.654053 0.212156 0.188965 0.094692
0 0.473877 0.214450 0.163574 0.087484
0 0.308350 0.215105 0.158691 0.088794
0 0.145264 0.211337 0.161621 0.093054
0 0.093994 0.309469 0.118652 0.094692
0 0.210449 0.312090 0.109375 0.088139
0 0.322266 0.314384 0.107422 0.088139
0 0.428711 0.314384 0.108398 0.086828
0 0.534180 0.312746 0.103516 0.086173
0 0.678711 0.309961 0.188477 0.093054
0 0.867188 0.311107 0.184570 0.095347
0 0.892090 0.499836 0.129883 0.113696
0 0.733154 0.480505 0.185059 0.158257
0 0.570557 0.497706 0.139160 0.117955
0 0.429199 0.496068 0.139648 0.114679
0 0.268066 0.477392 0.168945 0.153342
0 0.102295 0.490662 0.138184 0.129423
0 0.115967 0.700033 0.146973 0.115662
0 0.296875 0.703145 0.203125 0.106160
0 0.488281 0.685780 0.160156 0.142857
0 0.678223 0.701999 0.211914 0.109109
0 0.885010 0.707569 0.187988 0.096003
0 0.493164 0.908421 0.112305 0.091415
0 0.369141 0.911533 0.113281 0.088467
0 0.247803 0.909076 0.110840 0.092071
0 0.114990 0.894987 0.142090 0.124836
0 0.643311 0.907765 0.165527 0.095347
0 0.797852 0.908912 0.120117 0.093054
