0 0.097900 0.103448 0.130371 0.119714
0 0.243652 0.101008 0.148438 0.119388
0 0.402344 0.101984 0.148438 0.120690
0 0.562256 0.102635 0.150879 0.118738
0 0.724609 0.100520 0.148438 0.120364
0 0.097412 0.224301 0.147949 0.079050
0 0.253418 0.224626 0.145508 0.078399
0 0.409668 0.222999 0.148438 0.077098
0 0.564209 0.222186 0.147949 0.078725
0 0.717285 0.222349 0.147461 0.078399
0 0.878662 0.222511 0.146973 0.078074
0 0.093994 0.319453 0.145996 0.079375
0 0.250488 0.317990 0.146484 0.079050
0 0.404297 0.317339 0.146484 0.077749
0 0.558594 0.317176 0.145508 0.078074
0 0.718262 0.317176 0.147461 0.080026
0 0.873291 0.316688 0.146973 0.079701
0 0.096436 0.416721 0.145020 0.080026
0 0.239990 0.417046 0.145996 0.077424
0 0.401367 0.416070 0.146484 0.078074
0 0.557861 0.416396 0.145996 0.078725
0 0.715820 0.416233 0.146484 0.079701
0 0.872314 0.415094 0.145020 0.080026
0 0.865234 0.516753 0.148438 0.081002
0 0.709961 0.516591 0.146484 0.078725
0 0.547363 0.516753 0.148438 0.078399
0 0.391113 0.517567 0.145508 0.076773
0 0.245605 0.518543 0.145508 0.076773
0 0.094482 0.518543 0.145020 0.078725
0 0.080811 0.619551 0.145020 0.076448
0 0.240479 0.619551 0.147949 0.077098
0 0.395264 0.618575 0.145020 0.078399
0 0.556152 0.619876 0.144531 0.078399
0 0.714600 0.619063 0.146973 0.075472
0 0.875000 0.618575 0.143555 0.077098
0 0.885010 0.720072 0.143066 0.078399
0 0.746094 0.706571 0.125000 0.101496
0 0.611572 0.707872 0.121582 0.100846
0 0.480469 0.709824 0.125000 0.100195
0 0.349609 0.709499 0.123047 0.100846
0 0.214600 0.708848 0.122559 0.100846
0 0.078369 0.710475 0.122559 0.100846
0 0.883301 0.819779 0.148438 0.079375
0 0.729980 0.816526 0.146484 0.076773
0 0.576904 0.819616 0.147949 0.080351
0 0.418213 0.821080 0.145996 0.078074
0 0.259277 0.821243 0.143555 0.078399
0 0.096436 0.821731 0.148926 0.079375
0 0.876221 0.919974 0.143066 0.078725
0 0.722900 0.920137 0.147949 0.080351
0 0.571777 0.920625 0.147461 0.081978
0 0.417480 0.922251 0.147461 0.080026
0 0.255859 0.919811 0.146484 0.080351
0 0.094727 0.919323 0.149414 0.079375
