0 0.203857 0.100917 0.145996 0.119921
0 0.370361 0.102064 0.145996 0.118938
0 0.529053 0.103047 0.146973 0.120249
0 0.682617 0.102883 0.149414 0.118611
0 0.850586 0.104358 0.149414 0.118938
0 0.927490 0.214286 0.116699 0.096986
0 0.812256 0.215269 0.112793 0.095675
0 0.698242 0.217398 0.117188 0.090760
0 0.569092 0.223132 0.137207 0.079948
0 0.440430 0.213794 0.117188 0.096003
0 0.323975 0.213630 0.114746 0.094364
0 0.208984 0.213467 0.113281 0.096003
0 0.092285 0.212975 0.115234 0.093054
0 0.099365 0.310944 0.114746 0.096986
0 0.225098 0.311435 0.119141 0.095347
0 0.343750 0.313565 0.118164 0.095675
0 0.465088 0.312582 0.114746 0.096986
0 0.591797 0.313237 0.117188 0.096330
0 0.731201 0.321592 0.147949 0.078309
0 0.875000 0.312254 0.118164 0.097641
0 0.922363 0.411206 0.117188 0.099607
0 0.804443 0.408748 0.114746 0.098624
0 0.684814 0.410059 0.114746 0.096658
0 0.568115 0.409404 0.116699 0.097969
0 0.451660 0.408093 0.114258 0.097313
0 0.336182 0.409240 0.114746 0.098952
0 0.220703 0.408093 0.116211 0.097969
0 0.098389 0.407765 0.115723 0.097313
0 0.116455 0.518185 0.146973 0.079620
0 0.250488 0.509010 0.115234 0.097313
0 0.393311 0.518676 0.145020 0.079292
0 0.541260 0.509338 0.119629 0.097969
0 0.669434 0.509993 0.116211 0.096658
0 0.785400 0.509666 0.121582 0.099934
0 0.911865 0.511304 0.116699 0.097313
0 0.921631 0.610583 0.114746 0.097969
0 0.800537 0.608945 0.116699 0.098624
0 0.681396 0.609109 0.115723 0.098296
0 0.564941 0.609436 0.115234 0.097641
0 0.444824 0.608781 0.117188 0.098296
0 0.326660 0.608781 0.115234 0.098952
0 0.209717 0.607962 0.115723 0.099279
0 0.093750 0.608781 0.117188 0.099607
0 0.092773 0.710354 0.115234 0.097641
0 0.209229 0.709207 0.120605 0.099934
0 0.325439 0.710682 0.115723 0.098296
0 0.443604 0.711501 0.114746 0.097969
0 0.562744 0.711501 0.116699 0.097969
0 0.683594 0.710026 0.114258 0.097641
0 0.803955 0.711501 0.115723 0.097969
0 0.921143 0.712811 0.113770 0.097969
0 0.925293 0.814056 0.116211 0.094037
0 0.731201 0.819954 0.144043 0.076999
0 0.581055 0.819954 0.143555 0.076343
0 0.436768 0.809142 0.111816 0.097969
0 0.321777 0.809142 0.114258 0.096658
0 0.206787 0.809305 0.115723 0.097641
0 0.087402 0.807339 0.117188 0.097641
0 0.087891 0.909567 0.113281 0.093054
0 0.199951 0.909240 0.112793 0.095675
0 0.309570 0.909731 0.115234 0.093381
0 0.425537 0.910223 0.113770 0.095020
0 0.540771 0.907438 0.122559 0.100590
0 0.666016 0.907765 0.122070 0.103866
0 0.796875 0.908912 0.124023 0.099607
0 0.924072 0.908093 0.121582 0.101245
