0 0.823486 0.102802 0.146973 0.120235
0 0.672119 0.102802 0.146973 0.118280
0 0.522461 0.103291 0.146484 0.118605
0 0.377197 0.102313 0.145020 0.119257
0 0.233643 0.104106 0.145020 0.116325
0 0.085938 0.104594 0.144531 0.118605
0 0.872314 0.223200 0.149902 0.079505
0 0.684082 0.222874 0.146484 0.080156
0 0.534668 0.224014 0.147461 0.077224
0 0.384033 0.223851 0.145020 0.080808
0 0.229004 0.224177 0.147461 0.080156
0 0.081543 0.223851 0.145508 0.077550
0 0.894775 0.321114 0.145996 0.076572
0 0.764648 0.310850 0.116211 0.098403
0 0.647705 0.312154 0.118652 0.100358
0 0.519043 0.321603 0.147461 0.078201
0 0.366699 0.323721 0.149414 0.080482
0 0.218018 0.322418 0.145020 0.079179
0 0.073242 0.323884 0.144531 0.078201
0 0.901367 0.409580 0.118164 0.096448
0 0.780029 0.408602 0.115723 0.099055
0 0.659912 0.409580 0.115723 0.099055
0 0.520752 0.420007 0.145996 0.079505
0 0.370605 0.420169 0.147461 0.077876
0 0.223633 0.419844 0.142578 0.078527
0 0.075195 0.419844 0.143555 0.078527
0 0.842529 0.520528 0.145020 0.077224
0 0.692627 0.520691 0.143066 0.078853
0 0.544434 0.520854 0.144531 0.079179
0 0.393555 0.521342 0.146484 0.078853
0 0.236572 0.522646 0.145996 0.076898
0 0.079346 0.520854 0.149902 0.077876
0 0.852295 0.620235 0.146973 0.076572
0 0.688965 0.620723 0.146484 0.078201
0 0.538086 0.621049 0.145508 0.078853
0 0.392334 0.621049 0.147949 0.078853
0 0.235840 0.620560 0.147461 0.079179
0 0.081787 0.620560 0.146973 0.080482
0 0.878662 0.713262 0.117676 0.094493
0 0.700928 0.721571 0.146973 0.079179
0 0.542969 0.721571 0.144531 0.081134
0 0.384033 0.721733 0.149902 0.078201
0 0.228760 0.721896 0.146973 0.079831
0 0.082764 0.721733 0.148926 0.078201
0 0.905273 0.812968 0.119141 0.095145
0 0.761475 0.820789 0.143066 0.080808
0 0.613770 0.820626 0.145508 0.078527
0 0.466309 0.821277 0.142578 0.077876
0 0.323242 0.821277 0.140625 0.078527
0 0.194824 0.814272 0.117188 0.093190
0 0.073975 0.813131 0.118652 0.094819
0 0.888672 0.918214 0.143555 0.082111
0 0.744629 0.920007 0.137695 0.077876
0 0.614502 0.912838 0.115723 0.092212
0 0.490479 0.911046 0.121582 0.095145
0 0.366699 0.911698 0.118164 0.093842
0 0.229736 0.921310 0.143066 0.078527
0 0.083984 0.920495 0.141602 0.079505
